4055970
3362174
3318014
2233262
1817805
4871697
3449673
3779546
3316104
4124354
3048260
3607938
4066081
6556231
3342519
4417252
4591569
3068631
3200359
3256773
2705101
2347324
3349122
3519945
4506541
2741870
1652299
1751539
2022091
1553739
3655545
3204083
2593960
2499796
2945382
2932475
2549843
2132419
2405930
3180303
2150538
4562927
3984303
4188506
4088691
3926450
3528889
3564981
3513816
3779121
3618398
3533493
2274455
1635494
3129369
3442642
3295946
2743283
2196183
1470614
1999566
1754594
2618200
2193070
2335863
2498363
3685066
3936910
4452006
4420620
2616983
2676570
3350835
2123318
2155575
2019837
2475777
2365157
1728293
1997844
2775804
2692592
3488296
2652515
1939265
3199436
2053518
2009670
1744126
1790097
1730661
2138093
2327977
1525032
2269351
2717365
2011819
1171620
1336220
2166481
1650434
1347252
1320168
2584489
2379176
2439533
6054816
2654606
3103384
2316280
2169621
1885915
2226734
2511194
2629787
2257507
2210918
2392884
2239684
1921150
2019426
2568000
2161014
1317140
1377456
1005331
1134302
1008697
1465997
1188058
2235907
2103578
2201488
1913066
1540806
1406954
1200985
1778741
1837242
2592982
2285500
1949883
2167183
1693405
1561620
3045493
1618969
2035639
1281413
767904
1197638
1102253
1194741
1170315
1531480
2372583
2521836
2621050
2580235
2491701
2275076
2597524
2798949
2356351
2829134
2656361
3421902
2948894
2014762
2344973
2439770
2299474
2638967
2390424
1796949
1950371
1631359
1706003
2702498
1883532
1728124
1961423
1971464
1799769
1757953
2476159
1200594
1531357
1561171
1999020
2251704
2518733
2904829
903248
4141169
2018477
2180860
1001667
1030147
1046704
1103987
726620
747692
914080
1455299
664249
1619180
1504903
1094801
918163
1652562
811920
662606
862304
1073731
1019990
1115585
1765034
1844638
646646
1360986
1767910
2484926
2284346
1817668
2181371
2371795
1825087
2214121
732405
1701846
885367
849845
2490280
2344710
1636855
1548136
1497792
1503605
1830055
2646458
2429117
2073245
1698570
1932332
1756265
2470414
2662124
2017600
2670337
2796779
2475526
2333364
2131778
1796436
2413069
1889789
2047005
2128885
2228118
2421929
2515306
1551644
1484628
1107487
735476
744257
866086
1101525
872346
1008604
1565195
1293577
1284852
1519163
1783754
2606566
1517253
1665754
2054447
2586683
2413827
2612862
3127022
3077611
2405858
1655631
1731840
1645810
2019084
2059842
2135255
2251451
2269951
1136610
1235614
1349690
1966181
1315436
1934773
1714073
1722560
1538796
923369
938495
1386070
2392136
2456573
1828929
1597711
1983859
2256474
2263065
2000800
1654345
1665980
1343006
2232660
1324654
1142446
1029700
1843739
1368166
1758379
1767064
1624204
2600108
2597006
2287613
1620998
1759488
1756569
1662960
1713879
2672412
2282943
2185642
2246016
2349441
1833561
2338132
1715849
2129597
2537272
2367205
2725801
2339863
2393853
2021246
2502527
2566833
2400546
3425399
2214013
2242171
2211566
1888763
2572547
2274440
2134133
1762371
1749074
2154709
2193803
2385417
2366134
1989935
12927569
1773750
1336937
1194578
1493071
1249406
1718089
1593418
1778371
2019694
2521810
2242675
2197567
2436587
2418953
2404095
2127372
2291802
2355602
2255383
2256721
1271125
2070197
1262189
1077928
1495317
1408033
1630541
1665147
2561246
2287728
2293181
1495857
1740446
2146189
2218447
1574800
2460457
3212036
1706956
2591343
2222141
2296170
2142932
2243350
1780728
1841950
2200224
1593669
2566674
2270832
1999680
2273172
2413484
910736
1531094
936772
1468676
1630261
2612517
2340055
2680602
2096229
1956496
1064637
1014294
1018950
985520
1051234
939522
1030616
961992
777507
961363
933931
706854
846751
883735
1120953
1052912
862192
873571
3312794
1874619
1657922
1422051
1508784
1611688
1610323
2224307
1837885
1712021
1822458
1548564
2362399
1728328
2114330
2492314
2227693
1666782
2258488
2339146
1655200
1493961
1527969
1460031
2274848
2626945
1996103
2172340
1899636
1476136
1643457
1694933
1654254
1488424
1898819
1674143
2169400
2484622
2306281
2248190
2001703
1932693
2220177
1494137
1454878
1877415
1955456
1449860
1501493
2087657
2168495
2460522
2054605
1337471
1318837
1521890
2077833
2318214
2284881
2250030
1666879
1474356
1923112
1592946
1991092
1139729
1618735
1984503
1926296
2928745
1735684
1787473
1824351
1599319
1401779
1443821
1562867
2437921
1898076
2249553
1850393
1737891
2000672
1253209
743440
1457861
1457829
1522579
1398985
2213869
1720138
1602640
1613116
1352520
1484804
1512198
1857128
1402897
1639618
1649583
1415409
1391929
6486210
1930740
1971879
2089372
1603432
1434157
1474732
1430068
1479128
1402504
1586516
2303586
2910489
2785741
2001661
1880632
1262947
1751039
2352482
1374459
1717803
1508178
2049308
2031080
1921163
1674714
1498522
1348753
1432031
1529256
1472121
1716837
1585157
1516065
1755154
1396463
1616791
1761207
1849427
1604435
1355337
1327466
1853570
2244167
2313669
1415216
1387681
1677657
1564378
1565604
1645474
1358720
1501627
1520575
1388170
1363992
1640384
2147360
1981964
2010534
2893639
2227679
2200674
1580528
1567849
1623655
1810342
2021514
1666596
1433530
1977116
2026051
2107785
1411026
1685292
1643850
1380467
1816127
1203348
1638890
1539829
1384187
1449074
1417693
1430207
1699354
1372014
1391554
2197676
990818
758648
1154279
1770805
1498973
1580126
2282889
2222823
1455071
1393066
2127864
3006554
2893413
2909761
1912152
1286320
1326713
1972971
1958400
2239201
1606371
1548590
2097977
2052325
1403966
1354167
1524445
1525387
1401787
1395042
1637180
1438011
1128025
1579074
1245102
1327634
1191407
1979011
1438813
1583063
1242884
1498358
1388437
1430675
1579801
1551426
1457102
1375368
1580667
1432558
1403901
2635989
2205343
2184993
2233830
1623343
1655446
1451253
1389029
1495680
1376875
1363537
1616053
1448529
2254711
2271303
2100677
2180383
2342605
2574519
2057698
1885068
1640399
1717994
1257198
1335241
1552715
1355984
1942979
2348107
2244756
1944254
1502896
1584502
1646051
1439051
1427736
1817053
2140735
1636715
1614034
1677593
1489246
2215828
1263520
1416675
1569779
1831536
1575928
1490487
1661056
1426148
2050983
2184361
1613802
1414947
1435552
1747068
2367376
2130412
2102937
2175648
1693103
4218128
2779731
2830601
2730928
2175529
1402539
1395179
1473926
2339132
1605464
2189162
1679462
1388321
2034778
2038821
1632660
1556810
1446829
1584148
1435037
1972927
1922072
1935782
1888437
1297761
1407679
1210968
1632715
1752320
1412639
2217083
1537802
2616622
1358003
1567190
1381603
1417488
2099163
1532353
1376034
1473120
1513876
1372794
1407581
1408321
2079662
1452601
1255123
1519028
1527487
1377110
1544073
1552514
1418884
4195721
1359022
1296185
1197930
1810100
1969155
1603173
1914457
1762009
1262499
793912
1610608
2053284
1099970
1281021
2267702
2134077
2067277
2062937
1542069
1390156
2316689
1770062
1743921
1880823
1801024
1973262
1710128
1731031
1209068
1522320
1388851
1480285
2051069
1613957
1993368
1961871
1979192
2162806
1977064
2114077
1379043
1439794
1366765
1443988
1386428
1342498
1588185
1495438
1643260
1831649
2025027
1977588
1392481
2099360
1797647
1714814
1861234
2053234
1952541
1928511
2142640
1559580
1296093
1672059
1292522
1842787
1684897
1813809
1888515
1161748
1336859
1960570
1795956
1944860
2189783
1948095
1873316
2356964
1830971
2140637
1911637
2115305
2008758
1934715
1906394
2320156
1303480
1345193
2164596
2081499
1825262
1940343
1965007
1955340
1771020
2111553
2271584
2055756
1325730
2282928
1739693
1851378
2091476
2041537
1807683
2000435
1908129
1119984
1265486
1059313
1686107
1606656
1376219
1504039
1637953
1753553
2644014
1989404
2407149
2725564
1803302
1484817
1866762
1837103
1493525
1356319
1416019
1162172
2297628
1894399
1114224
1691434
1917940
1403228
1489571
1859271
2331409
2767060
2100022
1909107
1887609
2978666
2085533
2243049
2291604
1875566
2037266
1802488
1830178
2013644
2148309
1384408
1524706
2070704
1978883
1865613
1854034
1316470
1401983
1501992
1571062
1325240
1362047
1627753
1477877
1305043
2319657
2250987
2360049
1536172
2100681
1840592
1897210
2942030
2438678
2925832
2939242
2250670
1272007
5767708
1850510
2283871
1520029
1992857
1638921
1476789
1523115
4575155
1988305
1414825
1302348
1970532
3033610
3063286
1722513
1681085
1449339
1546034
2926189
2806422
1741235
1284470
1264512
1490789
1436197
1453926
1561928
1390324
1411820
2260062
1504388
1615502
1611673
2379148
2062720
2231934
2155430
2416833
1927657
1909423
2275491
1988283
2004178
2343842
2183634
2136808
2369957
1613878
1597572
1483054
1892482
2126659
2459064
2031394
2137080
2441679
2478487
2313962
1899215
1355607
1259604
1257953
1377724
2334350
2452848
2725924
3156563
2875526
2113649
2310485
2927566
1634049
1524016
1514934
1599728
1644053
1490738
1434917
1416524
1775080
1477224
1424489
1660058
1809694
1474255
1620452
1406012
1561246
1520320
1581063
1528836
1694172
1433018
1738764
1064045
1383228
1529813
1913496
1418660
1739004
1884764
1896247
1386170
1538973
1438516
1395785
2415290
1824643
2066733
2088046
2067519
2032822
1238547
1763099
2066308
1342671
1953933
1406773
1910086
1643897
1678129
1406469
1519860
1468619
1491325
2237598
1572668
1553227
2078167
1583584
2212014
2167237
2345897
2155957
2132904
2161604
2385241
2335062
2224953
2040375
2019465
1592116
1659940
1742964
1686057
1276407
1625515
1335410
1276359
2108332
2321046
2113683
2091931
1485120
1361516
1700476
1267877
1682194
1402516
1465071
1444026
1457067
1460952
2023545
2183459
1782867
1971414
2112353
2105124
2320290
2266375
2245825
2349501
2150891
1480625
2241426
2112575
2079734
2407545
2132599
2113228
2039899
1577788
1613017
1595010
2210856
1610093
1334499
2667220
3053722
2348482
2288176
2171435
2115747
1929253
2710792
3038125
2445876
2246287
2410767
2351715
1465228
1544246
1666906
1410820
1592665
1606938
1959299
1746353
1912935
1771102
1707110
1429310
1788484
1712286
1956870
1583186
1724089
1682139
1440851
1199127
1232937
1498535
1064289
1898726
1585214
1647419
1984094
1569207
1436047
1447511
1710825
1598311
1487986
1361036
1330002
1695718
1760487
2294325
2180312
2036937
1343987
1441410
1500430
1318275
3078011
2365314
2321557
2350267
2331515
1996084
1450074
2181185
1781544
1997006
1998466
1616244
1200263
1832728
2114709
2185589
2161441
2181920
1680059
1280797
1266706
1684774
1626634
2288288
2070098
1546103
1492443
1434452
1436250
1440870
1506787
1446625
1836447
1357509
1478317
1461734
2053465
1783618
2047719
1548620
1507968
1767947
1682578
2167738
1649587
2082350
1815949
1916697
1961892
1642694
1714473
1624677
1860153
1761949
1687663
1389103
1441029
2286578
2157047
2063315
2425524
988197
1938078
1544837
2122816
2237151
1708948
1554006
1553976
1232677
1233490
1240452
1355199
1376939
1367670
1475925
1619497
1457048
1681667
1895353
2243435
1972225
1339248
2212579
1981110
1818782
1416898
1265826
1271383
1717213
1462224
1452182
1661350
1423452
1460906
1575788
1448780
1406618
1427666
1446919
1798256
1493839
1428397
1679073
2265187
1498512
1730624
1569593
1443958
1448393
3037278
2822983
2127013
2357148
2967822
2305260
2299913
2098282
1283211
1601736
2356591
2062470
1194541
805553
629059
623485
667047
562365
719610
521566
567742
852730
592062
526548
719945
865049
711694
693410
815981
837210
725694
710330
812887
844315
798938
814042
936192
898875
938591
826020
926733
986754
3698770
1399687
1115612
1264908
1520146
1411475
1727198
1909904
2000384
1832248
1351728
1338803
1154934
1102950
2147618
1714470
2028212
1286852
1287302
1406735
1198372
1417104
1530347
1531816
1556272
2017251
1735028
1502611
1700399
1329825
1271295
1344026
2098144
2067205
2203718
2259254
1438701
2146685
1377778
1977286
2022198
2014304
1951415
1941508
1326643
1846548
2238619
1941215
1362092
1390708
2213770
2288537
2864282
2727450
2557857
2041082
1874584
1812424
1154831
1011155
1012505
1415262
1149166
1431695
1384543
1790098
2094704
1414190
1386483
1484087
1429941
1748182
1991766
1995117
2049184
2070318
2204391
2244960
1559077
1616928
1352932
1374601
1434185
1738805
2034727
1647910
1681177
1401657
1396254
1498005
1377511
1871417
1598675
1542195
1339481
1269914
1435072
1496598
1314736
1325144
1771872
1815856
1871953
1500506
1471273
1360737
1447847
1856463
1867852
1641516
1748299
1385575
1305845
1345412
1915920
1617550
1016035
1039973
1130224
1027392
1781352
2179550
1902613
1951646
2461305
2147560
2735353
2833523
2781721
1765997
1307592
1468060
1335494
1353738
1324938
1142340
1408473
1259627
1298729
2376767
2183698
1974740
2038172
1660368
1162059
1206733
1310200
1324580
1214709
1541483
2064289
1890671
1891689
1710601
1650772
1694387
1534608
1428162
1540803
1387415
2014392
1899390
1996249
1794612
1543097
2163208
2031855
1919364
1476188
1910561
1101938
1777467
1301548
2157012
1652650
1551071
1318013
2761018
2184281
2771030
2532313
2057323
2138357
2044544
1857209
1831782
1849655
1845157
1810915
1752860
1588911
1202307
1436189
1383642
1442259
1714865
1643450
1292144
1457108
1633858
1828805
1542221
1774261
1464608
1389564
1353594
2440333
2126144
1847583
1663584
1574091
1338364
1432208
1533959
1972691
1187335
1268933
1869389
1167966
1279957
1542707
2038268
1768078
1802255
2155207
2050021
1994696
1970181
2219103
2304415
2304563
1444273
1259264
1308952
1964365
2138723
2029277
1485574
2060847
1955719
1420534
1334003
1450971
2086553
1485135
1388616
1350028
1343350
1313371
2397800
1355973
1407729
2089135
2924589
2577592
2207371
1285482
1270910
2161525
1901224
1858999
1802772
1640364
1576230
1272779
1354635
1331327
1231503
1318233
1609114
2223640
2105644
2197228
1954059
1246958
1308722
1247407
1280683
1264912
1319219
1334678
1449984
1269998
1311117
2204321
2126345
1744197
1373770
2047721
1327744
1465056
2052272
2261545
2243936
2160961
1543946
1337697
1562625
1561459
1495885
2212154
1364894
1374763
1446355
1324582
1386876
1186049
1162485
1226459
1611557
2203836
2146372
1579826
1311274
1356504
1482628
1310007
1350516
1318458
2413060
2084475
1382508
1518351
1551643
1376464
1356805
1817304
2059223
1821565
2099127
1237386
1329914
1366411
1326858
1690247
1875275
1358208
1434948
1967253
1976053
1708624
1463890
1213203
1368377
1310617
1834067
1842531
2749026
2116176
2682381
2630258
2659391
1433534
1389552
2284032
2828877
2262648
1317076
1259401
1123458
1998065
2016808
1591695
1341330
1339472
1358897
2129860
2324173
2174764
1813360
1885645
1865069
1548080
2140186
2039373
1365475
1653668
2166160
2055508
1908420
2014499
1719396
1296153
2174283
1568996
1347620
1626144
1334189
1522219
2022980
2017329
1824555
1792077
1803294
2100212
1381476
1344312
2264387
1994515
1996130
2109004
2027691
1450352
1365543
1432560
1401749
1372381
1435428
1503500
1960594
2007390
2849880
2190430
2913719
2739972
1523021
1824374
1793408
1936168
1768979
1496161
1314059
1552565
1227489
1357727
1396613
1264991
1619217
1411325
1381222
1165774
1139939
1307418
1734031
1696154
1291192
1480651
1569141
1330496
1328509
1437440
1259218
1296772
1526555
1591942
1395788
1178772
1705200
1380582
1405275
1148192
1465570
1228278
1288541
1507487
1433727
1995383
1418385
2428521
1907982
1899050
2507229
2857461
2879336
2844502
1383342
1908731
1808674
2090104
1933886
2026185
1849808
1462235
1462334
1332709
1481171
1364904
1185281
1338512
1661030
1318437
1364754
1338748
1528495
1348775
1273822
1367422
1722211
1919051
2151950
1238112
1292919
1321677
2145543
2240022
2163886
1534971
1619787
1312759
1308079
1549076
2175591
1361491
1534314
1501331
1376758
1384019
1518186
1787707
1948306
1578686
1995322
1779976
1705012
1769742
1563969
1381958
1427355
1790474
1548940
1329481
1684408
1357502
1388623
2121164
1901912
2012123
1890636
1587318
1851326
1751883
1750673
1999612
1892725
1642223
1339905
1478566
1261787
1228447
1529754
2113907
2005140
1292199
2453218
2250631
2189823
1391112
1695990
1670082
1997965
2052143
2436101
2749749
1728900
1930435
1659135
1753173
1819385
1788344
1819634
1706964
1774039
1784062
1654553
1887756
1504033
1651514
1944233
1641055
1290896
2078241
1475549
1503568
1397427
1748900
1221435
1101614
1430045
1553441
1343465
1383681
2122654
1410828
2176959
2071615
1888350
1351987
1076223
1259340
1834929
1140460
1135698
1346826
1307292
1393434
1271248
1240459
1166167
1264025
2210886
2021872
1905203
2311877
1646304
1142924
1196502
1491238
1127680
1127151
1281585
1935403
1754643
1808875
1861473
2138549
1725164
1890780
2827946
2591909
2849210
5186513
1373835
1831363
1792649
1820958
1823754
1844135
1802341
1578763
1863412
1666112
1750863
1518706
1333771
1323018
1539459
1431685
1361045
1854801
1281616
1314146
1535099
1281384
1804511
2021587
1551470
1469117
1274748
1161743
2180588
2524777
2487286
2627350
1927384
2007011
1349007
2008488
2158743
2771656
2683121
1984794
1806845
1900758
2861135
2207659
2188511
1535897
1522019
1423076
1246856
2119619
1935253
1521443
1403587
1955438
1581141
1330585
1382339
1360243
1345345
1384744
1529994
1356439
1376104
1413086
1481006
2265943
2936127
1860371
1536586
1363264
1285894
1326403
1208713
4056699
2180961
1969387
2167779
2151841
1830783
1757145
1291433
1495788
2026940
1873481
1881991
2758102
2682419
2782350
1856078
1886636
1587613
1909145
2131052
2672200
1737236
1676141
2208303
1909168
1904856
2772704
2783799
2661447
2597225
1897907
1768353
1405119
1438742
1255218
2055524
1131389
1702657
1858319
1936234
2300287
1954223
1914214
1987645
2129546
1925374
1939084
2175872
1546656
1452448
1444118
1541449
1312275
1302382
1301936
1423858
1296378
1662733
1873462
1814302
1763645
2062762
2059914
1976204
1714146
1520791
1343634
1270626
1341897
1878282
1867493
2009229
1933840
1912616
2020173
2098853
1746965
1323109
2139192
1723040
1799584
1830976
1991165
2129036
2152348
2112072
1308904
1935598
1892166
2886834
2837838
2319723
1602349
1490433
1371749
1226582
1242538
2048940
1715566
1803393
1788779
1321959
1308988
1405947
1637233
1146109
1648515
1352147
1602825
1385906
1344698
1522491
1583344
1309293
2214089
2113094
2640267
1338434
2152972
1277386
1322448
1611301
1942177
1785777
1802284
2692333
2117748
2198264
2216930
1303711
1875291
1789249
2064328
1789956
1735895
1838880
1378016
1233808
1285564
1419208
1240933
1349382
1350569
1469180
1210271
1178603
1958894
2118517
2140231
1940478
1425581
1270616
1134794
1315272
1367502
1327614
1386422
1678002
1327867
1303439
2254800
1263078
1309363
1450642
1265714
1319167
1335469
1343610
1434401
1320954
1322959
1642929
1462876
1349328
1794665
1982685
1298386
1431325
2106688
2098575
1482189
1193121
1456148
1575776
1609437
1824801
1779821
1793820
1677440
2113360
1777357
1717092
1914572
1783999
1552849
1587278
1893203
1966176
2155272
2006302
1385852
1955893
1342648
2161755
2121072
2209162
2302091
2066789
1037432
1323795
1493420
1475135
1385937
1305787
1319527
1757507
1614004
1464622
1813425
1769376
1713061
1925734
2280903
1890860
1845759
2120450
1952305
1864892
1882525
1823994
1866335
2067511
1782350
1929774
2827935
2231475
2156201
1823772
1928612
1845523
1427215
1340368
1714988
1358895
1338080
2213883
1323000
1319802
2040654
1993724
1889040
1683374
2105938
1984990
2124611
2016377
1924047
1321862
1141156
1307913
1312090
1216747
1123403
1150126
1344238
1429009
1337832
1554531
1941266
1997874
1897732
1789714
1107584
1229306
1483891
1258970
1426569
2212250
1723621
1380618
1263358
1417058
1967112
1630438
2801995
2876520
2824357
2479124
1733100
1603855
1692401
1791070
2327009
1920135
1997457
1508595
1275625
1823551
2587395
2799500
2827820
2742449
2032828
2132073
1999853
1385420
1801985
1215250
1323350
1303484
2841756
2820940
1673351
1751455
1471540
1340383
2903938
2766844
2774942
2789289
1511398
1916898
1783923
1382906
1912580
1301967
1239296
1372365
1365916
1570508
1335660
1713277
2138257
1935452
1873788
1495213
1260601
1471279
1355689
1360114
1407795
2198578
2138466
2145845
2184920
1526785
1387627
1245415
1278788
2130181
1853745
1182326
1359798
1200434
1444404
1439257
2176243
1906436
1555395
2096662
2800974
2882719
2853413
1200009
1971053
1683140
1638829
1432241
1358769
1296389
2197190
1491631
1361566
1375002
1453485
1289708
1356635
1489729
1354991
1889300
2075605
1311662
1364208
1314821
1410281
1297618
1224785
1349749
1757074
1299410
1318754
1812816
1468865
1812218
1933061
1320384
1329520
1637891
1417603
1346652
1140639
1138594
1410223
1282281
1321908
1663971
1895074
1276759
1491054
1413098
1379161
2248161
1895181
2186496
1578003
1134821
1957737
1853085
2960069
2775991
2253706
1766881
1891023
2016149
2133366
1297125
1440835
1330586
1278774
1485487
1810734
1958675
1873325
1250626
1205755
1527396
1711294
1279813
1220116
1289026
1543574
1288641
1315555
1508874
1143827
1305593
1271866
1718571
1778215
2441873
1353178
1257644
1483026
1887668
1663886
1505317
1306461
2269183
2301812
2250516
2188095
1995022
1282126
1255946
2194394
2190430
2159315
2239586
2065080
1406304
1336983
1300954
1394320
1444317
1325471
1338166
1416214
1331334
1833819
1947229
1856418
1349249
1626411
1322460
1302237
1343157
1322901
1185523
1246387
1280896
1251561
1317325
2434835
1822305
1908732
1979190
1440958
1787779
1885793
1731664
2088368
1931368
2736701
2043565
2100778
2053242
1466211
1346961
1163259
1364154
1412757
1437027
1536542
1299992
1352849
1379262
1356072
1428778
1399036
1294173
1389379
1347897
1304101
1305360
1291301
1328181
1368929
2143460
1863600
1989642
1923144
1964321
1622126
1701878
1845067
1656989
1315739
1449536
4291098
2147073
1934245
1935869
1575275
1842592
1787041
2869235
1978243
1971135
2007992
2199563
1148661
1398855
2269749
2089176
2166329
2183078
2047321
1971253
1747251
1566512
1933967
1691940
1620970
1933297
1438627
1774853
1717626
1665213
1835282
1939732
1823549
2509177
2819300
2874912
1527504
1337072
1291157
1419588
1951192
1252539
1312615
2074706
1316397
1300046
1395017
1456628
1189250
1375073
1307956
1253248
1422169
1631305
1774332
1356208
1273562
2047846
1402005
1316193
1335397
1502842
1339596
1308065
1511625
1414204
1276515
1293415
1502666
1482966
1262269
1450693
1355033
1317710
1327722
1613366
1294063
1288095
2099836
2164921
2127775
2081097
2009097
2836429
2763233
2924053
1432594
1248247
2066369
2160296
1884199
1859909
1850604
1311504
1283745
1278256
2128094
1919030
2612666
2245017
1497288
1279308
1176430
2145493
1996354
1567158
1332140
1546841
1377087
1330656
1305209
1697780
1156730
1420700
2033971
1326306
1383566
2094322
1897865
1743667
1827906
2042876
1945130
1915302
1868340
1896468
1766982
1772163
2142791
1641298
1650986
1655828
2005389
1886201
2853889
2842984
2879406
2542878
2615577
1820454
1914499
1789586
1798970
1907093
1788378
1475492
1980224
1719035
1605052
1383271
1455590
1276546
1350817
2055260
1398279
2126607
1327618
1179222
1360453
2132846
1870792
2105760
2104510
1984543
1457754
1429286
1281991
1471620
1774117
1550530
1299320
1353366
1379479
1496250
1951328
1283244
1864687
2839523
1738825
1990201
2157663
1966377
1524629
1991623
1897657
1847052
1856457
1766920
2086855
1791487
1634618
1882108
2049520
1884972
1931022
1297271
1513812
1423403
1298659
2021472
1753330
1736464
2902474
2776288
2773657
2738602
2111350
1471375
1295082
1335983
1356461
1826594
1722378
1966428
1800088
1817605
2461144
2107090
2212109
1875662
1322195
1287880
1024205
1853732
1898561
1315847
1270885
1830244
1566717
1333254
1406863
1401387
1811826
1920263
1831950
1875863
1339426
1466144
1462165
1853757
1573907
1617306
1891463
1827377
1917602
2032236
1229605
1237645
2207438
2154173
2179315
2204978
1475926
1871363
2107352
1509520
1237142
1282206
1331403
2299842
2831839
2767384
1908919
1988563
932454
1198994
1908065
2306914
2228690
1726891
1228778
1327910
1293065
1507772
1300272
1249291
1184301
1383401
864368
1475299
1321235
1499439
1328879
1097755
1333062
1443587
1928536
1673483
1426518
1337273
1418496
1578779
1322608
1330531
1377833
1501403
1465632
1448938
1458906
1409169
1229109
5921111
921201
1588836
1406376
1498037
2764474
2740794
2739932
2030168
1802665
1685025
1310934
1514078
1276112
1384914
1974627
1742029
2633961
2496253
2693636
2560405
1561234
1878834
1881780
1889558
2067091
1927257
1331552
1233530
1841349
1924738
1737462
1472688
1569462
1317046
2260619
2204083
2189347
1604151
1438656
1453649
1339358
1159915
1193758
1160356
1333048
1875652
2161699
1965303
1985125
1899635
1735261
1885503
1930526
1828951
1907874
1775561
1248764
1347549
1275566
2177596
2819858
2615899
2205549
2126054
2108805
2008062
2058843
1787099
1964958
1801904
1795088
1828459
1901304
2602279
2129506
2065628
1830990
1284796
1857537
1755117
2198173
2554209
2688775
2252023
1828617
1864491
1944918
2845325
2853552
2795782
1849803
2145312
2136080
1866045
1727626
1596032
1849101
1832153
1879931
1884622
2349178
2226207
1986718
1792113
1960778
2054491
1412923
1921681
1500301
2121285
1762618
1818633
1822051
1755649
1861574
2003214
1720520
1911702
1834059
1709971
1324345
1238837
1207328
1432396
2007901
1910940
1829768
1834591
1942395
2041548
1316070
1274951
2159325
2960089
2344002
1940864
2017648
1785784
1950095
1370580
2487912
1981897
2046553
2094901
1896905
1845597
1917985
2096166
1886104
1975847
2848051
2231487
1418076
1813483
1965429
1424613
1364403
1401029
2026820
1368697
2148565
2038494
1878283
1812879
1377397
1501817
1526997
1451650
1376568
1332282
1903710
1972516
1589580
1389113
1405746
1344848
1494608
1459964
1215816
1371572
1346242
1428656
1248173
1544880
1272118
2417119
1914384
1364111
1804908
1226149
1432342
1311954
1264857
2086004
2090901
2664506
2709493
1485145
1355923
1318869
2367541
2160663
2519913
1513841
2041212
1850189
1275697
2226436
2183908
1904132
1343616
1313861
1182046
1236528
1175671
1168268
1249605
1158199
1412610
1316048
1323548
1387003
1614214
1307659
1393934
1551049
1384548
1246155
1440240
1384752
1734129
2085858
1661710
1980910
1374756
1351388
1560800
1380414
1218901
2371726
2091154
1368309
1368280
1661328
1714098
2733256
2609192
2871760
2444309
1407066
1734355
1903454
1995499
1644078
1928107
1411344
1341501
2054441
2180046
2120333
2804002
1954881
1328717
1310067
2142343
2179295
1792243
1312106
1544434
1390111
1838034
1679741
2185058
2167032
1832760
2130855
1942488
1752973
1814503
1276143
1423873
1516568
2136671
1981785
1560530
1639612
1505849
1416451
2124996
1767045
1443839
1857175
1900169
1852875
1772334
2042317
1568608
1278305
1391142
1318538
1464737
1383231
1146274
1864452
1086840
1258962
1338315
1157788
1029926
1552195
1773964
1074272
1317661
2257002
2117577
2243014
2207520
1550899
1404754
1401239
2036738
1941880
2071696
1963196
1475227
1511825
1268332
1319199
1712436
1248753
1292129
1878795
1359515
1308265
1553171
1416963
1278795
1359860
1899282
1331850
1350097
1826000
1833236
1696757
1410313
2188009
2267102
2448570
2691458
2056626
1735365
1747252
1674475
2116473
1993519
1994585
1948297
2732020
2840448
2793221
1797625
1348431
1315061
2380150
2563538
2724836
2301668
1960285
2064091
1288500
1284962
1444806
1757308
1796822
2106852
1799559
1828354
1891774
1929148
1993434
1999978
2164669
1315265
1332890
2130444
2156322
2315497
2146896
1522384
1536945
1322217
1576066
1405087
1315331
1137846
1513077
1249023
1181923
1638814
1575055
1304297
1402328
2758173
2341680
2380800
2800723
2113092
1398615
1333959
2849604
1914632
2152564
1966934
1483708
1815746
2126190
1815144
1407064
1311172
1319248
1538157
1270071
2105581
1733195
2376521
2460249
2630402
2608146
2525905
2770921
2806456
1354730
1318759
1287183
1373010
1336374
1274624
1377117
2120476
1781842
2148725
2142787
2089586
1949790
1916534
1943891
1956319
2813342
2743200
2687287
2835612
2825168
1389281
1234862
1253764
1146356
1380898
1301797
1455104
1321396
1322360
1291127
1701207
1311804
1323024
2180037
2497808
2792064
2886353
2780818
2116702
1940609
1709588
1785756
1717568
1130505
1236857
1315747
1282567
1316987
2189413
1574532
1575974
2074638
1753327
1260362
1306081
1309269
1248436
1075283
2190891
1955556
2133764
2086174
1753677
1621937
1686125
1875395
2032211
1838393
1879843
1768879
1665379
1814883
1853285
2182096
1374606
1388442
1387281
1962974
1593236
1297497
1703671
1605309
1248860
2124530
2258083
2201690
2158825
1551928
1169161
1343117
2182419
2164441
2048856
1602519
1157548
1359942
1375992
1151837
1204400
1271552
1166855
1148996
2246648
2334722
2155394
1503925
1408513
1293933
1372468
1916354
1596308
1680137
1201045
1101904
2155273
2145864
1973488
2915479
2802026
2374959
2391021
1879645
1897918
1449854
1216996
1291612
1460040
1187843
1637186
1551642
1192991
1376995
1269337
1062380
1835957
1975953
2168984
2213953
1965728
1924041
2117450
1890671
1660559
1770944
1230628
1134152
1368632
1260469
1662739
1588708
1323910
1220100
1355547
1255829
1237016
1475183
1259540
1274077
1301558
1647141
1276573
1356269
1308165
1922621
4646998
2201034
2003842
1732109
1962408
1856643
1800082
1316915
1344669
1260666
1439763
1936243
1863083
1382356
1963057
1514944
1887634
1306022
2142750
1677578
1402537
1334840
1331628
2012956
1848074
1760455
1935129
1767381
1845360
1786119
1948707
1267018
1265393
2445460
2799355
2058721
1940665
1438955
1380916
1342242
2143717
2743701
1455539
1925099
1755652
1960518
1658307
1927501
1706202
1516218
1686388
2116135
2585612
2638700
1949884
2176744
2011104
1031735
1377840
1278398
1267584
1712958
2028538
1179260
1918243
2682072
2091911
2134042
2083451
1476795
1778782
1558568
1441032
1952530
1842882
1880138
1637537
1331098
1390566
1505770
1296361
2005383
1937695
1241297
1978663
2163174
1910374
1300330
1274913
1263598
1619450
1318533
1350506
1545348
1990924
1539245
1357031
1947699
1931332
1849156
1440547
1255999
1277256
2152854
1577699
2082712
2216790
2428822
1518477
1340217
1278182
1535532
1611433
1662961
1329187
1185184
1354784
1366513
1553120
1336465
1368156
2174749
2533153
2105589
2186728
1332238
1638203
1353407
1817257
1910434
2002159
1334187
1411718
1333694
1748447
1891057
1662884
1330331
1326873
1283905
2607641
2693460
1428776
1247366
1493281
1274037
1991239
2106723
2201976
2033959
2212785
1968141
1922723
2952989
2817115
2601883
2097280
1191100
1727190
1831742
1760776
1901133
1806379
1783427
1843881
1630116
1331585
1491478
1713164
1400123
1838018
2027144
2018522
1701892
1484826
1560527
1352985
1274018
2152118
2112068
2044253
2158818
1399193
1466224
1575944
1402189
1116262
1916875
1950145
2098487
1349249
1308256
1888511
1359831
1126425
1316020
1800169
1927637
1580190
1612517
1881193
2122106
1309815
1422348
1334144
1298167
1395954
1383708
1585636
1859665
1952249
1838371
1322501
1848926
1641603
1749499
1726459
1716130
1727827
1277501
1349751
1535944
1276829
2191011
2169057
2100133
2654662
1931593
2092018
1904288
1293763
1313742
1328494
1285511
1290705
2188235
2738474
2629004
2703898
2032566
1780385
1833596
2505735
2301547
2574085
2540985
1580905
1307066
1488476
1614539
1772167
1800250
2002163
1347022
1262690
1335901
1689225
1376638
1356085
1286656
1597550
1188240
1207921
1354833
1452672
1280743
1250417
1943885
1802862
1689310
1647284
1182786
1414332
1486172
2014959
1219492
1312179
1494457
1573115
1221959
2017528
2141136
2089213
2080457
2219060
2264255
2595889
2558925
2600772
1923725
1303873
1252818
1531286
1916349
1931605
1678384
1457170
1136813
2145323
2031291
1943936
2148205
2103924
1632160
1279636
1388793
1464843
1563110
1445335
1924101
1453189
1371166
1017210
1862438
1854027
1557195
1627310
1160542
1727847
1790412
2110649
1940518
1947018
2860599
2315583
2244808
2856036
2756403
1313484
1302392
1254892
1314543
1327835
1323139
1507118
1763054
1800423
1702284
1552554
1255746
1256997
1589690
1621896
1761603
1821511
1875946
1377831
1371404
2367200
2005063
2616918
2514968
1668299
1426437
1329426
2097580
2316631
2481832
1930415
1831688
1261306
1291722
2373119
2846542
2775441
2633587
1287594
1204547
1263310
1270931
1687716
1343455
1402101
2142801
2637664
2809438
2747433
1979906
1323816
1299140
2288728
2741676
2925511
2844728
2052285
1553648
1711339
1867739
1422455
1296098
1345467
1546299
1383031
1333722
1532629
1562887
1328268
1305825
2262243
1789540
2020522
1737935
1679172
1373538
1259898
2100862
2082394
2113688
1939949
1563711
1284975
1317697
2352011
2355546
1765137
1988657
1586594
1167972
1233291
1471602
1285570
1280247
1504058
1759463
1382489
1301726
1334491
1552097
1319829
1337990
1400661
1424207
1354981
1543093
1873891
1667484
1765209
1878328
1727340
1559439
1337965
1849601
2207539
1883424
2285731
1969970
1939997
2148295
1304019
1366457
2152569
2136091
2021072
1779830
2201054
2047010
1764724
1891913
1854635
2065430
1879294
1921562
2158097
1909343
1979205
1572490
1266787
1164796
1347108
2228800
1812829
1523720
987204
1643683
970323
1153575
1100230
1488029
1948869
1932037
1761599
2173528
1728437
2208702
1398227
2159555
1944733
1650320
1287684
1323106
1531181
1501890
1261292
1311817
1946336
2101965
2149897
1523804
1627726
1531219
1155941
2071352
1405097
1331072
1308917
1404454
1287032
1494611
1699985
1319079
1284667
1638628
1993378
1904513
1757344
1925228
1588184
1261268
1971771
2019637
2059497
1697869
1522238
1393417
1284005
1287453
2077233
1440375
1330599
1491516
1869382
1963575
2858199
2872462
2596207
2773672
1533320
1329674
1395177
1310346
1601158
1461056
1063073
1203596
1436927
1386578
1301455
1763998
2048042
1676470
1359251
1356254
1402245
1368076
1753856
1382664
1406662
2067139
1570085
1288445
1782134
1891282
2056497
1689662
1727816
1828725
2034406
1801819
1652740
2036348
1873004
1567123
2237808
1910742
1825928
2849443
2115538
1993925
2008356
1490143
1385139
1283120
2073108
2043541
1796097
1522844
1383348
1745066
1383448
1325108
1981096
1740613
1867333
2024073
1446934
1315232
2415685
2745863
2742885
2214113
2159710
1338975
1323109
1360042
2031036
1275965
1406332
1470221
1404865
1444639
1347266
2003804
1396150
2534369
1333776
2005461
1316950
1354857
1385601
1305579
1325548
1495185
2178979
2759852
2861468
2147437
1932397
2864293
2047538
2781220
2080447
1852680
2056121
1513894
1311671
1316864
1363802
1324578
1481492
1839006
1987008
1900238
2190280
1962099
1263488
1258516
1860767
1703231
1888484
1480636
1845816
1808058
2867876
2401156
2043312
2044570
1545467
2039478
1421061
1286185
1357963
1582002
1053996
1212007
1828701
1901071
1866223
1599673
1828755
1854263
1834690
1391631
1789706
1827592
1840677
2054456
1314287
2123633
2161941
2138134
2126689
1755392
1372788
1220158
2026894
1932545
1748039
1762403
1857345
1368614
1344994
1431485
1365660
1296496
1203910
2031973
1829059
2120601
1489568
1705927
1835255
1914164
2538162
2616566
2965331
2828987
1890095
1782172
1295916
1362856
1486813
1327039
1424319
1775400
1481675
2149250
1289438
1393598
1252554
1240512
2154197
1901855
1942200
1924401
2179846
1326364
1336835
1966848
2615734
2505595
2559017
1748716
1582941
1296734
2275297
2128300
2664439
2787879
1902341
1837403
1341461
2094588
2457067
2349519
2738594
1422608
1426953
1424840
1355719
2287906
1891443
1843453
1914807
1505572
1317171
1393614
1977563
1782811
1803944
2316915
2109440
1745026
1806964
1814493
1914259
1948491
2858835
2682741
2814750
2883792
1456078
1243667
1327678
1340482
1642423
1345274
1318499
2250932
1972056
1862955
1382921
1380264
1828798
1340814
1573727
1988406
1950684
2061183
1942831
1819786
1747016
1902697
1892510
1901234
1886218
1975769
2078050
1145031
1589923
1755656
1751016
1617738
1940878
1337667
1439578
1278293
2125257
2015097
1912895
2228802
2045283
2842217
2794187
2340224
1771944
1372235
2075714
1794919
1310131
1262756
1507502
1371415
1249131
2023317
1861409
1830053
1995657
1283577
1274183
1466712
1846650
1955019
1775063
1951253
1895256
1110537
1370842
1561199
1517199
1356750
1304769
1458874
1472209
1337474
1224163
1264139
1021062
1375203
1473841
1450623
1797279
1791124
1682261
1688101
2814031
2505289
2297668
2686593
2634764
1502655
1374215
1275506
2082275
2247955
2179159
2202788
1379607
1317161
1381642
1516733
2114585
1737758
1978161
2009449
1438220
2084675
1965174
1933882
1591152
2859566
1858167
2008257
2721889
2506330
1917386
2005370
1679231
2076092
1273782
1287235
1253940
2054948
1347338
1460106
1196718
1923070
1612966
2406106
2313396
1852174
2130352
1833672
1190142
1176675
2934582
2552733
2744165
2680566
2780077
1535966
1864225
1342703
1539162
2054834
1508124
2193096
1401091
1367580
2247148
2219682
2168911
2197075
2257332
2250556
2249875
2193572
1575749
1379562
1280956
1247516
2000152
1939797
2023296
1934432
1788679
1380719
1483277
2138158
1138804
1190537
1515535
1264071
1473235
1240911
1464319
1341799
1393685
1393778
1514045
1404132
1156341
1490588
1326176
1534458
1696050
1047530
1221809
1044713
2046634
1355317
1968687
1905318
2034569
1876051
1968010
2030732
2058521
1852063
1429541
1726602
1726607
3097737
1573537
1688102
1320437
1266511
1297966
1458751
1491702
1242193
1422720
1373067
1321245
1319270
1588411
1479339
1285319
1561113
1325049
1350908
2222792
2042970
2213933
2183601
1336117
1481666
1380008
1374819
1848318
2056611
1931576
1741222
1813421
1802095
1655611
1383112
1280307
1457599
1495284
1397973
1345620
2135418
2716182
1650711
1944587
1695223
1156534
1232020
3003693
2815081
2627592
1958940
1497073
1279958
1279978
1253972
1569045
1248465
1275005
1611317
1445129
1322689
1538314
1239823
1244966
1346645
1769115
1229235
1581615
1339311
1441008
1680702
1632751
1662484
1537825
1612889
1627789
1824341
1350060
2243465
2115263
2238963
2043003
2135200
1592465
1213624
1288011
1044572
1338493
1378990
1300889
1359221
1184207
1118009
1430053
1574104
1282002
1475060
1205468
1259207
1569766
2105114
1926496
1413214
1417924
1565653
1232672
1130596
831731
961717
1216525
1286973
4736156
1407526
1231225
1352050
1139115
1313675
1508923
1527205
1370411
1950626
1341789
1375577
1551091
1327770
1691840
1833393
1624078
1531282
1774025
2107677
1767331
1901736
1333576
1299433
2155671
2832722
2899327
1539757
1842119
1950458
1606160
2766367
1906822
1889583
1344127
2181670
1436955
1915191
1863751
1690137
1258492
1245239
2024409
2038190
1458813
1772878
1367064
1288282
1430121
1551968
1322630
1445316
1361345
2131097
1896757
1813346
1819159
2031495
1323538
1304854
2651194
2085286
2128149
1506976
1283403
1307056
1342326
1441057
1276628
1340640
1471732
1471309
1317244
1242395
1864136
1598362
1306461
1214461
1430663
1236370
1153312
1929752
2106851
1920498
2017047
1372548
1346848
1530910
2066041
1598473
1781522
1678385
2259935
1383022
1344948
1528300
1410444
1366813
2207343
2329947
2158483
2194219
1580273
1212064
1303934
1278173
1469557
1355392
1300841
1044375
1435920
1717251
1799878
1782218
1907535
1333003
1340776
1241627
961576
1252465
1186085
1221104
1359291
2200390
2138262
2816399
2833706
2823956
2008610
1394035
1284466
1889206
1826243
1297771
1515808
1244298
1280416
2033697
2148626
2255823
2291800
2364667
1526633
1328777
1335299
1502348
1526354
1422974
2406149
2188005
2328188
1573580
1502231
1159530
1033314
2124038
2835891
2822417
2886157
1919481
2027025
1208829
1552781
2071925
1848048
1886432
2111011
1788048
1928866
1778201
1846571
1347592
1260848
1513902
1549130
1226328
1494283
1601468
1152483
1351247
2570487
2044467
1998453
2026057
1441435
1278518
1359147
1600198
1653043
1252430
1270951
1453802
1695251
1553244
1968081
2054887
1990816
1933305
1964683
2102229
1908349
1854825
2050984
1926722
2042340
2159433
1947668
2677391
2850882
1799743
1791224
1268473
1472452
1411335
1036970
1271346
1203865
1349405
1147860
1406647
1246086
1279695
1282157
1944539
1818727
1773062
2607517
1886726
2061098
2200718
1836430
2462688
1902747
2038380
1809958
1867950
2018265
1837361
1323527
1314365
1347074
1523877
1382687
1311147
1665763
1499271
2050903
2059759
1534432
1756786
2468291
1637415
2269027
1577214
1515335
1860357
1319562
2187272
1458618
2057877
1652453
1354374
1381269
1232466
1822481
1876699
2043973
1929524
1393409
1366923
1299811
1380296
1493016
1386107
1384298
1329188
1586551
1326519
1330826
1833305
1913200
1885810
2858905
1410281
2082229
2108943
1972522
1075475
1550559
1774467
1601176
2107336
1853386
1781047
2090087
1414657
1344427
1433415
1384278
1266210
1332559
1960422
1820536
1961646
1778636
1336440
1335633
2172349
2076940
1984442
2632985
2575437
1660678
1258914
1311721
1258577
1397427
1388311
1575393
1425907
1369787
1865817
1379835
2168881
2142115
1658153
2188722
1359109
1335633
1333962
1256519
2336574
1688374
1395669
1497055
1349710
2002559
2022483
1923830
1340180
1509351
1316366
1615005
1717021
1293386
1258253
1377910
1274338
1323440
1396245
1275072
1848152
1322923
1277786
1639070
1175670
1331476
1972939
2148876
2204166
1292404
1259218
1304910
1069709
1336713
1208329
1365355
1351218
1537108
1389317
1388686
2182126
2197819
2253167
1892594
1772413
2060693
1331795
1588150
1650962
1363219
1318237
1882447
1825558
2900373
1734361
2467063
2330568
1545285
1827547
1874544
1687311
1906006
1697616
1253844
1111663
2097904
2190976
2198528
2073861
2070758
1721783
1750783
1988445
1742734
1781002
1828074
2106522
1322707
1402130
1343380
1390908
1344022
1274288
1562542
1812328
1785878
1686776
1065371
1074499
1023082
1439730
1068845
1160398
1058771
1354883
1791947
1548916
1496762
1346354
1889655
2006530
1244737
1299190
2144476
2155668
2679090
2824136
2716771
2114590
1845768
1805973
1753163
1629401
1346320
1321348
1271305
2089574
2052543
1325018
1364207
1379271
2241872
2022233
2106562
2286107
2281888
1507043
1375555
1318875
1924666
2087234
1846313
1966738
1884243
1906265
1775634
1677398
1799298
1853940
1736742
1926990
1693883
1834539
1610599
1638138
1255192
1950506
2173617
2192728
2128217
1845748
1477028
1331669
1320899
1680267
1306276
1321565
1855890
1901952
1823303
1856132
1911905
1928728
1823333
1526836
1571086
1312249
1346597
1418493
1213347
1155516
2116885
2365253
2744741
2807402
1755715
1366948
1264578
1330379
1332637
1384981
1284521
1921835
2080360
1351659
2064666
1932909
1986432
2119582
1536513
1458606
1334074
2084554
1973769
2112363
1967299
2757726
2675262
2790886
2821664
1739554
1564276
1509701
1261455
1327875
1267999
1344895
1397756
1341161
1340273
1355655
1611355
1231441
1283212
1697246
1501609
1342241
1406393
1329662
1550710
1394421
1305038
1342713
1312345
1335393
1492085
1286531
1285388
1300251
1587185
1289650
1956420
1523693
1347790
1402214
2227063
2633619
2911668
2892301
1884833
1346708
1421487
2095433
1543585
2061232
1664940
1918406
1883419
1684118
1755965
1599300
1961075
1966422
2147150
1874718
1880783
1905631
1871804
1277616
1323769
1366334
1360250
1932999
3508966
1614422
1111077
1318325
1688797
1474596
1742078
1369882
1552780
1205260
1384792
1728914
1310976
1461249
1305298
2173218
2729456
2859176
2889818
1926102
1786752
1289914
1301975
1265380
1741405
1784014
1899841
1874645
1741820
1413166
1145035
1937534
2038515
1903538
1829516
1691342
2798539
2517381
2044464
2101483
1238743
1202507
1984673
2000024
2285029
1487839
1415894
2028613
1727117
1801414
2123809
2020920
2128001
1871667
1352103
1969178
1852303
1953997
2013423
1923344
2776867
2344674
2545717
2189558
2110180
1614871
1547404
1648296
1411514
1374511
1416360
1685806
1893848
1914943
1943319
1566524
1371838
1318178
1325261
2588006
1682390
2259237
1673001
1492738
1345825
2296331
2140462
2033052
1372142
1314917
1279751
1289277
2025750
1753792
1880406
1362864
1438269
1376861
1758666
1578377
1781908
1580262
1835647
1869216
1670877
1638804
1956219
1939761
1451585
2176022
1947725
1610575
1913933
1832112
1749742
1932345
1785046
3023884
2787719
2861661
2794745
1868400
1660394
1920345
1362208
1252314
1386892
1316967
1504364
1331640
1283108
1750954
2026844
1804064
1623612
1831015
5595525
2517246
1122529
1371894
1310040
1350988
1612029
1333578
2253508
2326383
1989313
1988969
1422008
1494753
1474015
1995212
1896508
1769852
2234755
2014236
1960694
1894121
1922648
1934719
2240989
1889528
1966839
1837297
2087110
1844217
1654802
1913564
1990533
1252126
1337226
1238327
1178565
1375227
2062104
1846010
1795890
1651707
1543141
1911573
1938085
1460180
1557890
1359144
1396460
2276269
2199911
2027482
2220268
1293292
1259455
1328080
2051203
1349669
1810772
1583148
1491059
1287594
1266400
2087963
2019496
1994534
2026653
1222823
954587
978621
2068271
2451042
2457421
1892407
1462371
1488519
1344793
1342182
1479277
1253230
1252338
1526691
1345420
1350611
1602522
1281098
1387780
1628099
1881618
1849895
1813470
1861366
2100758
1921791
1948777
2197882
1854924
1770170
1614854
1843913
1877095
2302000
1783885
1234062
1322340
1298173
1248774
1341849
2058921
1472964
2077518
2195767
1488740
1611508
1322650
1495068
1462328
1365808
1976891
1410572
1277059
1310975
1298613
1561670
1340603
1283421
1404457
1835834
1226690
1350381
1425654
1862746
1690670
2491454
2331875
2247202
2020703
2152793
991394
1160312
1265167
1745880
1629176
2072729
2209365
2047668
1974035
942964
940368
983068
1396228
1339829
1373453
1265854
1367810
1699778
1388538
1317977
1969251
2736863
2859817
1478184
1375785
1311941
1386778
1563764
1365981
1395248
2023381
2072261
1135257
1147935
1784785
1690963
1782154
2180863
1491711
1364787
1322861
2094137
1695287
1694218
1414641
1640047
1817364
1904207
1361663
1551767
1421922
1367691
1668091
1528008
1323620
1502933
1556268
1341205
1368512
2729233
1586929
1972552
2228157
1469322
1281951
1380860
1191924
1554198
1622903
1648572
1582336
1280688
1305805
1300561
1494543
1273447
1329432
1609087
2582975
2802943
2038007
1821815
1784870
1729931
1839135
1842978
1730490
1629483
1528286
1400436
1338815
2144599
2088157
2047240
1528911
1368178
1250912
2288983
1400581
2063731
2384580
2169095
1523366
1262783
1306186
1535797
2000486
1685764
1765726
1730426
1439021
1947687
1567649
1408795
1332705
2197706
2197055
1991986
2281195
2154586
2068248
1163038
1314464
1229031
1289483
1125548
1410677
1871182
2107517
1997162
2215877
1901565
1968289
1920957
1481702
1307746
1280493
1493395
1546679
1309544
2173511
2044270
2139615
2838138
1933273
1295692
1941365
2002509
1507679
1373381
1942204
2049061
1487982
1921766
2074810
2031867
1406265
1826575
1712509
1942803
1443158
1399053
1812223
1493234
1467419
1346822
1267220
1744698
1861824
1579908
1313426
1235859
1264985
1553221
1316644
1337682
1395391
1141241
1517946
1417670
1769497
1776425
1162157
1603427
1636560
1800449
2690728
2506546
2138909
1970977
1340839
1567031
1355606
1139943
1293600
1397001
1326634
2261206
1774322
2165659
1508373
1369397
1287764
1348647
2248286
2011289
1849563
1364868
1297734
2085657
1047394
1257365
1403925
1321134
1269778
1584966
1152994
1227068
1318706
2067522
2335072
1642533
1633609
1838652
1377698
1330466
1375531
1361539
1267705
2022224
1988302
2152589
1669959
1714892
2038661
1345795
1434226
1526294
1984203
2004648
2137460
1787383
1865238
2759500
2848351
2695425
2774965
2227878
1333227
1411796
1312694
1700614
1906871
1946722
2111262
1764227
1990991
1702963
1770638
1158478
1500681
1280355
1309303
1402091
1901786
1736387
1997552
1777123
1778373
2695366
2827664
2922956
2163373
1841676
2791824
2890046
2911139
1905915
2184998
2278727
1939005
1955648
2044604
2048057
1903149
2027902
2240710
1881219
1866550
2063397
2158289
1921170
1484257
1360165
1258342
1194243
1297303
1311838
1394579
1368191
1738200
1576374
1340405
2030671
1681885
1383105
1510964
1246051
1392100
1294319
1369198
1345467
1259236
1407253
1490835
1216221
1412170
2239190
2260980
2133304
1378101
1195630
1562768
1432462
2122571
2487715
2369300
2094554
1528562
1295269
1309218
2160006
2000892
1912565
2030135
1444601
1547935
1658785
1649686
1724553
1643848
1589690
1989995
1278463
1350485
1479909
1471319
1328506
1134380
1335694
2049633
1969299
1939095
1792651
1908267
1918740
2781778
2595682
2517562
2738665
1861312
1347289
1411650
2165192
1281723
1381741
1570696
1356034
2225710
1476535
1318670
1552398
1364177
1347473
3139920
2533960
2769887
2820628
1377048
1347735
1406427
1373328
1499128
1380503
1310139
1610930
1372417
1299094
1971769
1719478
2173286
2439329
1400919
1321887
990891
1047494
1211050
1139007
1188295
1999422
2375291
2107566
1980204
1556654
1374350
1285597
1290860
1725684
2004474
1820861
1525573
1540051
1336014
1425594
1276854
1304257
1304047
1508669
1277933
1340600
1770181
1577703
1475928
1350675
2770908
2026071
2022708
1153711
1011212
1332320
1350471
1946894
1383448
1263835
1443676
1395604
1314570
1296978
1780766
1920072
1788451
1964830
1279671
1479442
1276958
1208554
1240868
1143267
1376139
1804668
1587774
1830323
1824440
1401947
1244678
1352193
2130857
2120496
1931786
1979058
1256990
1111519
1155983
2266576
2703618
2752616
2709704
1671127
2167253
1926071
1938652
2092258
1030928
1243741
1674356
1398904
1344309
1523813
1813921
1716085
1099225
1447258
1360156
1315315
1324501
2020223
1839901
1794799
1661661
1316531
1319128
1449687
1560441
1249993
1437824
1459535
1330018
1373835
1308547
1262702
1346302
2213787
2036106
2167438
2001885
1795602
2221139
1945305
1788975
2053575
1381999
1845314
1868074
1328418
1144875
1510579
1692562
1263000
1329814
2795563
2402844
2616846
2697166
1373323
1591698
1320032
2129984
2324784
2587618
2481413
2777366
1452991
1320723
1494654
1269163
1795102
1120922
1042607
1522011
1356398
1521888
1335669
1604763
1340868
2185278
2112875
2059929
2140547
1441834
1653103
1314349
1412532
1907638
1768263
1771476
1875240
2018962
2025318
1807888
1834763
1864880
1808275
1754353
1582876
1492686
1756032
1630365
1300883
1404494
2126294
2121339
2095243
2888372
2129184
2090833
2051898
2281432
1964177
2151029
1859665
1563897
1279585
1276780
1477639
1403548
1193572
1262855
1619544
1275957
1256901
2031807
2682881
1718942
1374946
1615381
1304873
1325490
1354206
1577676
1286917
1479126
1688172
1332119
1247396
1591256
1779157
1535852
1318373
1864785
2068464
1834067
1786099
1910606
1296173
1417072
1392707
1535440
1388387
1274448
2419083
1552588
1570543
1289670
1957365
1790258
2086659
1708029
1698124
1270697
1306101
1351229
1327502
1383461
1998842
1957581
1837636
1922495
1389864
1449726
1331042
2314791
2115427
1979041
1879048
1901780
1705182
1851327
2057677
1860989
1497724
1895361
2143458
1914735
1288962
1271887
2129612
1939512
1894183
1755415
1785632
1908681
1270676
1378742
2095660
1952887
1578926
1247816
1337451
1309128
1544053
1325273
2242639
1971954
2064449
2137187
2314692
1332736
1332240
1449610
1889117
1597339
1342246
1295396
2139957
2159189
2232511
1638450
1340960
1318228
1326325
1471598
1325715
1435861
1134051
1341757
1400640
2197771
2217704
2183466
2143952
2015418
2107217
1901226
2795797
4520776
2912075
2096184
1623911
1950194
1799278
1333980
1384009
1306942
1451683
1515700
1537109
1306787
1390386
1470678
1794358
2277136
1704885
1430237
1516309
1337766
1407666
2019293
1912480
1592128
1953733
2020149
2024163
1813037
1282046
1250847
1561860
1617056
1180680
1264057
1444533
1507684
1392199
1324621
1262158
1317542
1346249
2153402
2049280
2988667
1653777
1460185
1319892
1390492
2176218
2189978
2054469
2102800
1248349
1218076
1421192
3116865
2137721
2219187
1537490
1430124
1380008
1180583
1188795
1469688
1277906
1285083
1921128
2808095
2775558
1583405
1380169
1313953
1237270
2071544
1934030
1973152
1203528
2060486
1411470
1344844
2791292
2005069
2186376
2123343
1384775
1412952
1378090
1553371
1187797
1194213
1351343
2399729
2109089
1984404
1716496
1257789
1364552
1370020
2230574
2834107
2839807
1683782
1918878
1955873
1734993
2237953
1823915
1793343
1828087
1385892
1244535
1513511
1565928
1246905
1275622
2314148
2073254
1936496
5411710
1664994
1776269
1880588
1243026
1539135
1392923
1143111
1358349
1781799
1850176
1780922
1611458
1347967
1578007
1415965
1618119
1798192
2873944
2767647
2665165
2684185
2582315
1367002
1307199
1287130
1487721
1445190
1361872
1329568
1670752
1507512
1370797
1561858
1439834
1289623
1410559
1343475
1335767
1307774
1797345
1762779
1812979
2209530
2036475
1803498
1833716
1651470
1390449
1366115
1404527
1222429
1682496
2173920
1046442
786339
1176895
1427802
2081743
1825979
1902893
1939796
1588459
1402529
1306150
1765271
1784464
1952040
2718432
2042526
2077574
2150274
1549828
1318338
1605580
1320759
1530563
1243670
1272810
1376054
1182402
1279992
2530651
2245387
2706915
2780736
2618871
1215068
1207359
2009336
2669518
2809845
2572769
2617358
2805604
2779826
2761134
2297178
1915841
2081001
1876739
2004831
1995267
1946765
1414968
1219369
1200485
1908522
2808105
2023226
2261110
1541118
2207709
1956646
2119820
2158487
2061462
1907629
2014882
1176119
1165286
1297728
1251457
1291884
1340578
1410787
1200377
1129516
1024883
1354645
1148720
1239046
1941997
1621407
2140080
2214635
1363715
1256926
1351303
2594345
2364319
2725957
2113597
2105742
1830264
2743949
2693521
2819792
2679953
2596595
1381644
2122450
2125582
2176178
1078075
1543142
1458217
1414731
1224933
1238762
1282652
1556789
1405571
1348717
1379482
1636265
1164395
1192293
1288320
1558172
1417225
1302082
1283629
1342236
1282312
1381037
1257391
1271822
1343170
1338826
2277131
2288202
1575381
1558365
1948665
2085934
1609443
1527358
1507983
1543095
1309263
1394863
1303340
1553872
1425260
2110617
2292813
1555613
1233802
1563404
1597496
1324863
2192896
2400085
2563445
2842580
1500266
1425417
1325649
1331903
1704132
1309182
1657988
1625149
1925628
1831685
2024619
1826870
2183148
1976690
2836639
2939490
2814008
2038362
1548678
1997154
1900517
1891367
2079240
1922337
1884942
1853566
2120032
1864694
1834528
2084625
1685582
1348205
1332268
2096070
1961376
2504817
1989071
1628812
1879821
2905571
2727313
2612498
2144950
1757002
1554144
2016937
1839670
1573768
1718089
1941761
1553030
1810026
1849988
1799066
1562839
1222887
1280071
2070081
2105031
2060274
2051292
1291953
1228472
1442671
1339416
1699247
1307208
1899094
1308244
1215888
1294784
2116972
2728778
2649721
2218605
1612293
1643099
1752883
1534950
1338478
1276533
1312746
2031261
1763216
1743439
2846786
2535683
2152737
2125393
1543462
1081601
1586324
1539818
1873790
1829231
1323507
1248342
1961892
2001188
1986402
2101351
1363540
1497454
1756347
1931859
1858828
2148194
2118229
1322882
1158238
1338785
1527028
1402604
1296587
1953479
1310401
1314428
1312660
1412231
1317079
1427194
1507662
1302750
1305907
1796141
1783270
1374508
1320625
2128464
1948617
2032098
1350769
1955131
1942553
2841289
2022900
1897801
1843974
1829526
1532246
2025844
1955748
1537835
1465159
1969159
1862116
1880784
1974473
1893978
1987626
1745717
1920102
1924790
2212416
1948558
1900918
1964332
1482752
1269198
1331691
1313521
1343795
1354355
1690142
1774484
1809779
1827595
2129249
1140897
1296933
1176150
1447093
1297095
2687157
1992606
1917978
1948191
2323527
1834638
1990504
2872942
1833617
1467874
1342715
1267153
1354403
1716994
1734935
1940639
1823634
1811651
1477079
1454061
1721958
1566376
1665074
1092783
1097000
1168413
1843643
1424204
1381026
1359833
1558562
1341796
1323855
1348491
1010366
1163478
1564725
2097916
1304497
1432382
1417774
1885890
2031911
2983422
2527013
1904524
1910777
1388724
1455220
1319253
1369463
2282894
2569506
2819869
2031720
2296351
1911560
2784509
2846581
2935534
2251966
1912710
1930303
1864671
1980769
1512809
1333167
1397232
2131062
2188626
2124589
1976120
1385826
1607159
1670504
1644481
1279350
1485627
1322621
1526047
1363415
1326512
2081223
2184506
2026835
2179443
1443059
1584408
1361591
1966333
1719189
1789974
1885018
2006173
1244860
1988674
1243547
1447898
1516635
1363482
1494961
2023912
1302674
1342343
1622758
1868672
1775049
2526395
2745335
2670687
2754263
1961926
1972972
2081578
2916584
2827899
2897301
2888687
2224944
2379729
2555631
2640215
1809198
1350958
1392368
1256820
1340091
1436731
1355768
1841476
1372416
1336389
2311861
2565854
2780618
2636862
1796386
1334218
1305914
2173901
2850075
2194383
1822446
1567743
1150255
1180700
1338659
1649253
1336068
1499138
1757220
1386752
1347843
1489557
1343552
1315782
1391103
1784367
2161685
2183124
2221000
1926340
1320221
1212816
1504841
1798983
2016008
1812208
1944542
1686788
2591850
2622149
2571400
2905511
2718243
1039638
1307864
1344929
1666397
1608149
1912761
1723354
2107179
1537209
1322112
1316981
1700890
1325080
1319546
2324534
2030682
1897395
1440231
1060921
1231341
1733272
2218038
2155255
2155295
1655152
1643108
1809411
1588315
1451254
1348015
1319578
1337539
1414930
1413086
1492413
1485355
1335517
1310395
2145934
2130284
2147061
2131241
1932007
2332137
1186505
1318585
1519264
1527957
1606706
1880448
1530924
2087075
1946573
1289750
1696035
1794758
1746190
2023792
2124045
1859833
1597351
1802802
1793523
2097177
1818632
1791892
1761298
1599047
1281241
1415794
1331378
1449501
1503525
1334580
1604441
1131311
1315579
5620480
2658773
2618862
2696129
1920004
1937010
1379921
1508123
1351826
1906475
1651854
1800506
1567954
1338710
1429836
1565635
1175413
1335071
2369498
1873363
2248877
1762393
2126619
1750998
1977625
1354009
1297078
1321615
1305025
1529663
1383009
1286095
2243805
2024126
2200886
2324800
1513451
1623571
1853473
1984575
1894418
1827928
1033582
2114222
2081047
2145573
1573270
1362987
1318595
1468994
2258234
2014466
1372449
1168321
2152895
2002824
1377673
2149861
1294868
1269632
1267737
1931941
1789596
1815170
1664228
1975908
1722485
1780552
1233711
1022413
1370078
1310114
1370236
2142822
1930110
1444872
1364681
1328125
1354404
1662413
1552546
1604829
1644643
1326950
1328505
1389976
1345335
1402389
1243747
2845860
2850591
2814174
2881507
2138848
1870748
1765723
2317001
2191774
1874556
1660060
1669710
1968727
2849461
2278360
2270449
2013403
1367317
1565604
1326191
1437942
1387422
1998942
1343496
1274439
2162106
2186351
2119737
1457573
1530703
1267984
1851637
1852762
2115995
1819925
1556565
1360119
1364253
1364583
2051545
1758559
1800271
2328892
2128675
1367966
1419071
1484229
1436396
1236920
1423789
1344921
1213163
1167924
1553594
1272916
1688450
2428127
2250796
2357202
1472336
1468729
2105523
1995398
2029644
2485214
2571538
2601011
1691285
1937472
1963250
2937012
2782773
2617067
2607105
2830997
2798408
2825293
2062128
1889568
2016020
2275898
2161700
1871340
1324113
1379667
1530649
1309255
1400178
2241193
1968502
2088850
2082923
1590133
1397002
1435427
1445560
2200122
1621851
1310589
1320138
1378563
1318794
1281294
2123468
1824571
1705012
1800862
1178969
1339786
1382654
1295964
1339496
1462250
1531700
1871999
1942114
1875030
1287676
1251633
1209133
1716702
2130661
2303415
1636509
3883626
1529301
1283474
1411347
1458795
1030391
1307021
2135079
1915652
2017884
1903615
1569628
1511267
1200561
2093094
1858390
1652620
1511922
2033370
1750572
1721073
2603331
2777496
2856188
1629041
2031497
1672477
1671192
1901435
1733651
1883377
1772564
1764120
1965004
1264406
1986819
2059899
1972140
1749335
1757193
2029360
2044038
1870613
1692529
1912545
1865690
1667269
1282888
1246799
1271704
1543688
1416515
1810426
1296739
2109292
2255748
2157155
1304833
1498157
1314419
1912274
1602314
1145214
1288150
1638889
1275611
1398023
2026369
1855678
1282915
1355222
2215166
2261220
2117973
1269936
1322121
1189196
1334208
1366898
1273126
1274473
1309613
1696272
1309864
1779353
1675723
2025998
1391005
1330522
2042278
2216439
2094025
1587735
1300760
1144537
1310942
1571559
1156402
1315592
1398437
1272270
1835924
2840018
2683934
2086900
1468937
1483626
1328666
1323940
2084434
1496758
2019930
2191653
1512869
1579279
1431797
1982929
1981575
1893252
1915376
1797636
1888575
2010292
1323590
1540728
1453289
1233873
1299355
2187305
1324608
1972316
1530564
1420520
1348826
1860007
1964225
2196097
2170374
2189955
2191592
1957708
1978474
1984116
1931202
1995133
2109827
1355121
1446494
1249340
2131803
1859927
1754490
1718385
1386434
2058424
2087261
1282447
1563389
1354027
2178849
2398168
2263012
2199695
5342760
1784934
1744089
1876318
2172547
1677751
1242773
1230210
2060286
2036831
1317325
1323883
1260275
1293534
1431978
1328580
1144149
2146661
1844950
1549751
1032542
1063068
1854104
1351829
1320308
1779405
1763301
2015052
1906617
1656294
1634407
1712304
1603902
1114871
1442254
1488216
1448139
1171697
1182320
1398954
1186290
1329503
2098887
2180743
1453375
1378348
1403268
1795540
2204432
1905950
1952071
1927595
1397518
1374208
1397173
1301365
1363034
2030675
1343816
1369444
2399200
2373438
1236686
1336377
1184926
1301420
1386192
2522340
2103541
1494613
2012822
2087362
1823969
2755723
2757300
2645487
1988868
1252826
1617818
1740798
1816602
1787831
1516375
1341570
1344628
2419174
2175392
2124227
1490925
1333944
1756489
1403330
1379056
2093635
1377721
1127716
1855773
1849935
2033459
2188280
1860582
1866285
1842100
1943269
1053865
1002583
1181072
2378545
1361073
1406028
1469376
1362004
1353152
1364718
1159070
1287171
1664157
1994195
1412783
1392523
1673845
2064354
1306133
2199466
1493606
1737286
1833823
1590415
1864396
2090363
2945707
2565954
2718289
1274566
1409357
2017307
1346246
1343776
1523749
1445402
1340712
1588314
1916654
1906732
1927183
1517421
1368326
1901650
1455368
1477399
1887839
1842250
2003859
1422602
1343027
2260324
2761935
2836952
2657292
2084813
1811297
1780790
2024903
1538841
1319790
1320905
2178733
2243209
2218323
2372905
2009254
1380339
1396516
1456671
1955680
3143245
1540296
1376746
2014291
1916319
1343210
1339965
1384286
1369942
1605760
2171216
2005035
2085708
2190274
2036070
1827940
1981696
2005377
1453101
1915950
1342494
1427215
1306391
2038692
1925929
2148339
1586215
2309995
1968422
1854944
2111715
1768776
1823808
1808053
1350766
1502352
1386574
1518216
1381840
1281320
1315526
1649954
1348400
1336325
1552606
1215243
1077463
1420955
1398800
1355076
1219110
1335262
1710280
1244308
1266491
1550056
1331879
1303800
2498187
1778959
1936745
1632201
1846640
1964908
1713054
1247851
2050919
2130088
2146936
1313127
1351809
1244090
1484329
1565878
1310897
1332686
1364769
1475020
1959666
2039426
2855102
2188828
2180155
2176167
1299125
1287826
1156742
2087496
2078511
2052920
1531584
1949831
1253177
1853075
1694040
2018338
2160157
2210701
1480614
1229369
1188191
1778615
1737495
1046673
1412872
1405256
1347374
1815339
1143802
1902602
1681927
1620160
1787128
1875691
1359246
1753991
1321727
1320073
2004435
2022241
1984573
1940298
2216674
2229804
1933417
1991208
2091621
1366893
1386959
1484810
1295022
1170679
1475185
1590943
1539093
1327575
1406097
1297371
1352576
1415143
2019411
1768303
1666129
2755230
2328589
2415723
1540852
1771290
2059774
2100400
1694398
1560930
1618063
1348228
1337425
1280823
1275822
1325804
2526425
1182861
1900548
1804656
1849872
1887273
1862852
1960013
2096251
1346489
1380304
1355438
1242390
1248183
1268808
1062966
1088127
1320341
1590909
1356261
1312881
1032460
2076214
1288889
1337737
1387756
1283208
1268751
1287508
1172194
1085143
1347965
1601710
1329974
1412276
1343665
2186962
1449280
1306251
1541236
1427911
1324924
1568004
1879039
1418197
1335151
1453041
1933713
1983897
2131563
1954045
1883012
1729666
1284109
1934761
1877391
2393431
1659772
2124931
1583210
2043101
1818813
1380675
1364402
2132819
1897345
1346207
1621350
1440038
1327951
1350687
1541504
1603439
1421828
1463589
1357991
1180735
1311454
1625565
2045835
2143348
2015939
1409026
1347815
1376364
1476692
1479330
1638504
1681126
2111301
1656224
1952871
2531089
2970373
2750349
1951477
1447709
1243418
1180966
1609962
1750731
1278117
1256401
1419310
1265503
1268697
2029168
1889887
2111600
2187037
1715083
1939923
1844806
2776819
2321365
1852186
1197316
2107024
1930802
1482947
1317240
1478994
1276156
1357589
1595192
1595304
1451096
1265816
1849597
2227635
2055716
1785513
1251168
1103655
1005482
2170154
1351559
2212525
1577075
2158636
1436451
2107722
1856543
2002844
1295819
1823002
1166346
1384969
1656647
1033170
1121603
1890678
1811250
1813318
2107261
2178250
1382360
1879563
1456781
1571220
1904437
2006034
2883100
2651004
2899910
2095220
1886911
1469354
1340118
2206156
2177749
2085537
1727767
1933461
1515932
1840940
1725105
2282095
1365966
1339837
1337861
1488083
1484835
1338428
1414696
1352640
2090043
1739949
1991829
1346725
1276419
1946738
2144312
1965490
2939047
2189267
2213973
2242433
1613339
1550394
2349236
1875095
1692750
1184064
1282923
1442840
2154513
1975789
1971082
1806283
1282159
1488529
2139888
1968761
2179350
1440917
1347121
1308636
1291592
2178102
2029254
1731304
1960728
1481121
1336013
1480841
1787000
1709544
1267466
1853872
1939122
1340032
1431613
1409862
2128580
1942634
1941330
2245044
1488429
1282284
1275353
1459128
1403575
1457995
1255347
1795971
2027335
1940475
1831536
1746039
1709550
2310536
2644340
2831067
2043597
1208437
1652125
1823393
2025315
1959592
1967257
1962622
2177367
1885402
1199055
1404882
1965572
1919972
1829477
2706192
2132153
1547062
1351368
1336137
1588172
1906953
2109922
2865871
2862242
2768957
1333700
1798803
1856336
2881436
2853611
2874505
1352670
1539365
1763099
1784670
1933801
1720843
1372957
1318869
1687568
1277383
1280009
1483542
1447862
1362182
1451587
1634911
1785145
1717084
1867613
1967500
1346215
1381060
1879575
1369568
1340127
1208608
1871773
1368978
1148253
1369973
1226132
1234333
1219702
1556166
1392299
1327158
2199489
1933485
2095500
1694369
1963892
1870437
2865856
1765859
2540439
1918103
1967579
1763421
1845498
2541691
2134604
2155718
1905475
2305384
1329860
1515135
1975201
1927979
1328132
1397273
1339485
1263455
1297844
1343843
2058250
1867999
1839238
1958724
1780210
1360078
1514094
1738129
1291391
1253359
1639580
1851099
1960870
2123212
1993719
1499923
1322427
1721842
1627063
1331442
1288885
1298725
1226251
1223908
1478932
1231433
1157181
1280962
1566016
1350929
2247795
2144767
2321091
2169803
1969389
1800200
2154794
1323573
1372570
2017648
1138829
1684182
1184878
1310328
2225976
1976144
1840873
1794412
2479125
2110464
1648461
1739126
1650945
1288933
1154701
1333295
1786204
1806159
1789536
1600345
1213167
1423814
1545042
1463142
1251732
1309502
1299710
1150783
1285653
1337702
1641671
1720374
1655834
2055217
1288436
1302191
2070125
1484658
1399001
1615161
1928586
1916745
1951218
2131442
1870289
1822507
2581681
2332099
2483137
1544538
1004908
1420638
1262451
1251460
1478711
1425479
1263036
1361422
1327334
1315858
1401283
1595704
1353392
1647018
1329890
1515588
1326616
1511827
1367129
1243508
1415204
1989579
2266583
1991122
1968342
1559924
1253187
1027926
5792939
2731449
2004527
1891297
1569775
1310690
1809051
2064625
2175937
1891612
1887929
2037639
2133359
1858817
1986489
2180366
1906606
1968477
2119838
2033596
1862746
1910406
2110120
1195933
1323124
2256489
2351664
2717150
1847775
1751771
2006378
1873757
2435021
1589164
1338123
1347096
2477651
2179161
2134443
2074043
1559341
1262133
1326595
2246679
1940839
2161817
1780490
1142554
1030949
1287472
1424014
1833656
1466196
1489521
1959491
1748440
1919997
2823110
2745799
2617388
2778475
1817897
2167828
1798528
1961814
1733576
1642211
1949730
2382166
1642457
1479498
1324328
1447851
1797429
1794548
1433096
1351123
938838
1209244
1506875
1458061
1292650
1380472
1290609
1499186
1379467
1429687
1342933
1356334
1698596
2533980
2764103
1343941
1274101
1457431
1229423
1317941
1347689
1048985
1098647
2001910
1787329
1757200
2220583
2100270
1383991
1350613
2186541
2186329
1539183
1359315
1366341
1206561
1319319
2440918
2707294
2269609
1824518
1480049
1896304
1325966
1331821
1334574
1188676
1110732
1552491
1421360
1391645
1309893
1128894
1339867
1355718
1523056
1146689
1580970
1867661
1390713
1545441
2110554
2092143
2252040
2134738
1749431
1647538
1291219
1387034
1106084
1371527
1380314
1439583
1816610
1726131
2002983
2394823
2065639
1929475
1539531
1899225
1590971
1646073
1987042
1993209
1791985
1748134
1299068
1114926
967328
1359618
1264542
1303504
1329975
1430322
1190363
1261935
1109302
2085281
2034712
2091506
2083102
2117585
1876068
1958815
1400680
1377017
1355367
1997181
1771851
1884351
2910983
1675448
2229328
2275588
2195707
2167041
1511245
1337682
1748368
1684867
1822870
1882189
1271736
1935964
2733543
2228142
1870687
2187971
2002873
1320069
1193764
1113650
1530399
1668813
1299681
1501373
1894639
1300429
1105739
1521423
1415063
1123098
1798637
1991497
1723781
1829382
1725845
1115275
1194187
2739040
2794099
2783518
2808171
2122642
1594588
1790599
1942345
1811899
1349392
1203124
1349231
1338599
1945970
2082616
2090264
1235539
1271737
1168966
1296830
1519588
1152372
1600535
1395394
1137298
1972199
1863425
2013968
1375441
1959014
1387986
1327439
1618835
1571255
1469246
1231591
1269804
1849242
1090128
1286893
2069215
1835991
1943230
2175406
1971038
2573109
2529073
1972119
1436797
1315767
1473134
1565038
1401822
1376876
1278032
1223516
1477815
1429311
1267207
1295265
1277596
1507554
2357650
1855092
1237068
2248200
1882206
1934848
1332791
1315229
1204258
1276973
1320894
1479763
1355592
1515582
1303718
1392708
1262348
1420853
1390065
1249432
1447436
1243687
1020514
1737503
1859975
1545212
1730488
2107425
2115495
1461755
1309980
1615765
1882783
2812149
2967152
2596623
2695198
2673953
2099140
1735900
1893267
1983759
1623824
1519969
1071488
1422557
1619196
1351423
1311778
1346460
1348979
1148745
6207125
2714759
1801002
1527302
1422365
1225999
1950240
1745571
1815846
3923789
2502801
1813123
1829492
1979195
2133837
1362538
1293206
1632019
2302143
2222638
1403691
2063245
2148935
1206362
1481243
1392136
1253080
1494651
1781989
1256338
1286807
2143814
2056015
1955803
1934180
1838591
2073227
1334404
1985941
1347687
1277642
1260357
1384469
1347340
2420251
1964467
2082871
1354535
1278203
1602863
1480214
1311338
1362632
1309824
1296609
1414621
2429111
2064707
2124802
2173702
1472849
1363181
1250775
1392351
1494680
1762235
1780972
1958445
1196699
2032948
2107490
2704061
2790392
2573621
2291063
1903008
1948742
1637815
1281660
1356082
1230814
1473857
1445467
1352671
1277566
2109786
1283359
1358965
2132887
2598380
2433770
1614830
1432322
1274934
1315969
2022401
1825338
1959000
2032279
1831063
1406343
1249183
1292709
1583574
1955537
1914094
2024726
1836724
2119021
2080846
1263353
1122486
1349569
1432046
1906216
2835091
1689860
2109291
2135777
2123217
2359238
2489243
2495852
2537137
1817414
1880783
1898058
2071573
1431244
1247808
1251657
1535134
1176939
1990129
4149081
2667366
2802637
2857040
2221240
2222568
2198198
1496425
1324478
1313302
1294046
1590681
1376692
1268646
1655642
1504209
1204746
1365565
1333178
1218592
1354019
1425378
1793844
1658881
2305875
1773395
2154088
2320319
2142466
1266038
1478672
1644226
1666133
1706613
1312187
1356485
1358801
1377141
1325369
1574281
1336644
1300280
1489832
1451750
1304871
1346692
1429994
1241322
1429037
2092840
1915616
2191813
2029899
1048005
1150476
1062936
1767158
1404697
1783496
1284091
1613151
1256731
1259009
1249933
2051462
1800228
1593416
1453599
1413076
1259067
1954121
1547327
1916709
1839913
2693461
2658382
2767999
2155385
1465570
1311188
1604695
1415980
1582862
1372203
1269107
1190303
1601759
1285541
1182732
1488630
1316503
1171415
1989993
2104605
2080792
2184817
1498225
1425000
1384638
1387259
1813875
1071806
1230676
1494462
1320431
1187457
1228613
1361578
1310542
1451769
1694571
1318914
1302337
2240748
1599218
1938709
2127923
1263825
1276053
1367725
2168264
2155356
2135421
1421491
1679271
1284382
1293698
1167912
1463604
1298078
1158840
2199261
1888406
1848836
2200716
1844722
1328792
1341982
1279065
1323290
1556617
1289718
1484245
2126153
1882451
2044051
1085008
1253991
1327441
1338805
1161843
2036206
1296204
1846319
1813243
2096972
1998833
4654540
1902123
2002531
2046903
1866626
1938714
2148845
1891803
2109777
2007946
2081528
1881650
1927810
1806705
1613084
1911905
1350226
1419544
1288656
1420861
1443998
1707600
1381080
1472859
1373076
1479428
1350944
1900119
1952373
1199379
1283537
1269845
1284557
1287585
1531236
1263624
1494447
2191596
1642755
1900404
2045620
1381061
1474761
1569978
1275816
1438820
1799671
1589866
1204097
1291981
1272931
1489136
1516789
1301553
1290690
1248971
1493610
1539369
1147016
1102850
1276937
1330727
2113576
1948393
2116796
2105487
1463032
1183561
1312786
1326371
1549106
1252178
1714380
1579721
1300437
1298595
1281114
1245648
2020169
1763388
2020562
1327587
1394614
1274303
2172885
1372455
1125291
1267206
2159052
1934585
1824581
1869259
2063429
1743699
2807173
2462922
2340186
1529070
1475713
1394721
1927424
1736745
1965395
1334465
1277155
1406072
1451089
1332350
1309690
1366159
1326389
1180154
1953345
1780030
1201745
1664914
1465608
1243348
1300499
2135465
2853122
2707406
2701937
1615246
1955207
1869948
2586560
2646358
2762186
1762506
2123664
1898152
1886770
1854167
1952951
1622994
2001537
1491331
1342734
1259885
1277696
1533561
1275707
1309274
2095854
2037290
1341900
1237847
1844628
1236967
1240468
2196198
2491784
2142783
2158354
1358764
1270262
1506464
1167070
1132460
791646
1093267
1366554
1261433
1356069
1549808
1466453
1343220
1359857
1525092
1330922
1238427
1192613
1765707
1780998
1318302
1457874
1507427
1337234
1331547
1337957
1316474
1486724
1630281
1389667
1396901
1320584
1342493
1144787
1296611
2044263
2756202
2700060
2725025
1913288
1229114
1320841
1521303
1361581
1496577
2205012
1734445
1112976
1815202
1754707
1756398
2003236
1916013
1968460
1431497
1361295
1801007
1843554
1843190
1139573
1387392
1468103
1280475
1280381
1781104
1295685
2088468
1884355
1964793
2099325
1498623
1459683
1907450
2677755
1999350
2510366
2406444
2717846
2210626
2159385
2192575
1798456
2094601
1330056
1047518
1379061
1222725
1248012
1444565
1427812
1285102
1461834
2059808
1824014
1872186
1882926
1725695
1814492
1750804
2048082
1292269
1370706
1685107
1898619
1807812
1712548
1835646
2043687
1983688
1279337
1345342
1261950
1298746
1140276
1779796
1703937
2826061
2515580
2489197
1562769
1283432
1971613
1170664
1101685
1233792
1412436
1291813
1528509
1267347
1251231
2102165
1840682
2463721
2120662
1867564
4522932
1259123
1309803
1310441
1281552
1378561
1777927
2430523
2695657
2845018
1622092
1251586
1262161
1320251
2115570
1477564
1352351
1526711
2143709
1909664
1497355
1907038
1952566
1913662
1791965
1133551
1030122
1368628
2041151
1267603
1310004
1559244
1520095
1255350
1528018
1813989
1758897
1779127
1798687
1467414
1683374
1853208
1523894
1310299
1280098
2039737
2863180
2778678
2768626
1601438
1018248
1359281
1235082
1766428
1537916
887636
1772662
2747919
2766541
2758798
1835170
1348738
1314126
4623395
2216093
2194254
1510659
1768409
1956250
1299871
1221452
1418179
1249624
1535537
2084055
1835676
1876989
2093089
1753951
1330829
1407610
1628753
2008891
1627188
1439197
1470277
1266386
1278367
1631109
1431385
1755494
2091936
1807341
1815257
1840953
1571677
1390826
1168672
1113558
1997805
1187853
2053752
2060596
2056842
2290545
1156814
1273127
1171210
2219401
2049380
2652181
1918894
1979311
2091220
1277145
1331111
1451312
1445629
1307805
1280197
1869457
1686518
1922202
1521796
1112833
1239536
1246805
1359334
1260742
1284071
1452238
2040891
1885328
1298349
1322837
1971760
1306479
1344959
2129933
2135531
2117279
1914762
1881044
2030960
1892007
2084364
1299842
1328250
1319521
1521317
1325348
2103347
2042669
1607654
1697491
1853698
1319641
1200454
1872778
2010452
2193076
2189678
2056101
1469712
1313081
1279525
1419049
1469974
933776
1352287
1246808
1280959
1354646
1587688
1378575
1388226
2105122
1981321
2026869
2110397
1528485
1577471
1632271
1990993
2089340
1761967
1809918
1925955
1726924
1635613
1330229
1291793
1290654
1689711
1483238
1230948
1443503
1199639
1851586
1592569
2021939
1738130
2107262
1929836
1941048
1516954
1386784
1982736
1297353
1906241
1674869
1427098
1256587
1346582
1285062
1542471
1982262
1618378
1863214
1847998
2250441
1941300
1385165
1866566
1854684
2202317
2039996
1264515
1422705
2002539
2014565
2160417
1284842
1299057
2086549
1234931
1294931
1360689
1320884
2084659
1839320
1393114
1339632
1413038
1520641
1455840
1345186
1941659
1902103
1448374
1275093
1509061
1296429
1593985
1599467
1305895
1299487
1315809
1598138
1726000
1485111
1407520
1461920
1320398
1297396
1595984
1455956
1729357
1417518
2051465
1939594
1487556
1871124
1327713
1205814
1381396
1871710
1779434
1443664
1820203
1885155
1892555
1868159
1661237
1314111
2129271
1950060
1941688
1962371
2083639
1820944
2856800
2948839
2857202
1405905
1280203
1517802
1252752
1982842
1772738
1542311
1901114
1656165
2861480
2656625
2482965
2786829
2822099
1941280
1952175
2472136
2276553
2401083
1861068
1924453
1918551
1414682
1291081
1253642
1464215
1302280
1428458
1497164
1198292
1246115
1860802
1959198
1954932
2675586
2784977
2102196
2065464
1896597
1495844
1325852
2058738
1952619
2446032
1642146
1693475
1317112
1340766
2157054
1606946
2429094
2207293
2077483
2180367
2214630
2196188
1606737
1291979
1313939
1387653
1255751
1414173
1272897
1549701
1294827
1352395
2110454
2493469
2569075
2762612
2118116
1968121
1881534
2276952
1916231
1854592
1920352
1269614
1346462
1303769
1311002
1558375
1308824
1321110
1512398
1322274
1326357
1262682
1576426
2069624
1834298
1592139
2090644
1787672
1752890
2113065
1848605
1914265
2769624
2723037
2871745
2724281
1478776
1585191
1025381
899190
1606781
1407431
1335403
1390556
2341215
2114473
2036977
1593011
1554424
1288559
2277165
1609036
1764030
1825305
2100801
1612420
1173675
1313408
1142461
1340659
1156152
1256548
1342877
1272665
1945680
1940612
2100650
1664543
1170320
1394603
3780350
2467393
2667324
2597315
1655837
1298976
1201533
1027400
1560400
1402855
1442905
2004491
1306963
1315361
2555606
2691335
2761594
2697792
1378122
1250329
1227057
2071873
1863667
1394276
1205027
1183235
1409630
1357705
1292657
1455168
1353658
1357821
1451051
1443069
1308979
1327589
1605760
2183820
1792999
1235264
1717577
1370501
1798056
1720563
1390116
1332540
1303059
1478927
2064194
1749105
1761497
2019678
1898715
1844992
1744498
1731069
1815605
1846933
1756973
2803541
2728578
2727663
2741291
2597650
1218871
1644799
1318235
1213443
1379327
1365260
1268410
1916166
2161707
2102373
1496362
1884409
1322066
1367650
2142647
1961590
1336471
1321082
1621915
1349298
1300873
1388036
1947138
2008528
1891560
2166094
2652585
2294123
2758172
2104670
1859515
1851590
1984346
1521509
1314172
1438785
1265132
1124433
999462
1298730
1318634
1404845
1293720
2162582
1964678
2148680
2152695
1332550
1420786
1306777
1387679
1254375
2202523
2275714
1920785
2776433
2031485
1857791
1855992
1702212
1232733
1895061
1796872
1523557
2685185
2841098
2868522
1769416
1596690
1463206
1325866
1367708
2164378
2151235
1229940
1400808
1204765
1204668
1185089
1218580
1185656
1125482
1347545
1877022
1922257
2011690
2062355
1309001
1373362
1629986
1586475
1936230
1737503
1810257
1922257
2824813
2615579
2881632
2768765
1536026
2146220
1820839
1784200
1714194
1603199
1732233
1945142
1866006
1651577
1373122
1512729
1897426
2022209
2737136
2715931
2808139
2144503
1477980
1320949
1458473
2256083
2759560
2799004
2806081
2018978
1716829
1309604
2168926
2185572
2108006
1156767
1441521
1932605
2062415
1407814
1451874
1311049
1293743
2217732
1889042
1794353
1737175
1362644
1320177
1121320
1356827
1945719
1782535
1807482
2129891
2021149
1840221
1692326
1800001
1884126
1766647
1919155
1859304
1653678
2056476
1883834
1283835
1257173
2154035
1957083
2051156
1462941
1414273
1630156
1730939
2300276
2164746
2463203
5301970
1219718
1443241
1365870
1677422
1919967
1854935
1653911
920680
683014
800601
1565002
2156388
1873620
2098206
1739187
1161552
1205427
1441451
1290721
1254597
1006317
1522569
1204388
1281905
1206766
1389345
1888776
1290330
1900273
1764516
1871234
2064196
1895124
1641621
1855099
1617259
1112869
1337320
1142969
1469997
1826807
1199377
1949388
1805115
1971320
2073435
1812534
1890598
2731946
2056609
2089072
1937807
1659165
2064540
1330897
1329799
1480009
1193117
1270874
1299144
2212463
2862337
2719031
2902371
1149743
1266621
1311519
1586020
1694106
1287109
1355983
1438118
1277440
1336415
1419283
1473087
1408347
1326481
1945572
2158601
1506753
1438327
1846203
1288623
1204900
1478625
1683545
1529703
1657873
1349824
1301342
1281535
1287291
1552191
1691945
1627073
1465538
2010442
2688569
1273969
2037373
1811580
1875521
1699038
1787802
1766864
1619395
1100555
1223965
1454497
1528152
1287866
1425456
1484707
1509962
1783844
1899118
1636632
1237174
1298258
1890052
1243482
1260691
2193336
2035424
1978770
2167643
1562286
1173840
2026139
1952576
1377295
2089070
2092493
2114135
1905362
2016214
2028639
2124456
1784802
1670020
2827187
2205142
2404273
2420629
1910506
1577807
1288392
2150939
2720904
2193136
2200649
1308094
1109239
1148042
2150846
2766285
2375707
2687648
1846482
1562262
1191698
1287248
1341147
1389148
1213560
1313702
1976613
1804313
1881956
1262796
1530701
1321302
1342947
1397275
1424714
1348910
1677440
1749024
1777047
1730313
2772153
2835152
2752324
1712591
1499349
1268308
1250237
1930644
1295673
1169927
1526095
1193309
1304625
1217950
1363650
1299601
1304610
1900982
2287329
1938052
1835567
1686648
1611828
1578093
1863815
1669777
1755574
1932560
2032086
1717475
1838471
1786451
1937572
1417169
1288669
1511292
1808499
1766367
1886757
1986944
1852393
2054854
2182582
1131814
1936920
2110178
2499450
1889863
1799344
1545783
1464631
1351714
1276608
1798697
1869066
1841545
2114097
1722858
2019010
1787005
2055845
1758947
1094215
1243622
1557926
1965801
1631929
1193947
1426583
2111040
1968946
2136385
2108200
1586275
1705489
1490016
1538077
1378219
1224470
1004922
1424233
1310651
1284797
1617336
1335010
1308818
1319677
1590592
1299828
1323288
1857655
1805652
1503645
1316455
1858840
1889289
1796614
1961614
2166882
2183133
1974452
1369318
1806231
1720507
2011863
1672741
1698224
1816342
2012724
2105372
1344953
1877415
1903890
1827980
1657521
1613649
1293700
1287869
2409083
1582507
1659798
1850239
2806235
2198648
2059062
1328685
1468849
1938223
1944457
2181921
1964563
1980028
2055114
