12334403
2641022
2362305
3794219
2691186
2168123
1945305
1616267
3574735
2010360
3028455
4161867
2335680
2919548
2386013
1998397
2471130
1582031
1672539
3302349
2115721
2035079
1604471
1234448
1695516
1946937
1764081
1567463
1980045
1287646
3388451
2375984
1737824
2459326
2973874
1953057
2630365
1709550
1582009
1515055
2035352
2850845
2775277
1787024
1386604
3033634
1996322
2208484
2391640
1592072
1600406
1748740
1539158
2147366
2982835
1493212
1418108
1690409
1591622
1729213
2141295
1251743
2932503
1942585
1667883
1309548
2816331
3051369
2154985
1922391
2559886
2133059
1571549
1768012
1475377
1894882
2057811
1345296
1476807
1912350
936478
1762048
1728895
1722821
1225450
7183259
2166141
2693571
5249935
1141963
971972
1126163
1081945
3124532
2535438
1131689
1416142
2266247
3220386
1114527
