14937528
5760232
5436236
4901039
5337697
4916920
4006028
3791066
3570431
3950153
3748109
2233811
2141934
2677970
3523647
2614605
3220817
3023132
3054689
3456672
3115752
3238176
2512225
1449036
1351860
2794541
1685655
1885806
1488009
3364559
2223411
2446464
2549326
2315782
2729227
1843283
2168862
1709503
1384081
2419635
3319013
3563476
3948682
3825569
1795605
2597907
3409087
3939192
2769542
2342853
1934549
1751618
2295276
3927968
6974499
2999970
3194221
3836892
3717382
3436589
3486260
2729356
3314107
3160662
2257117
1512706
2617909
1423279
3002388
2277557
1343006
3157597
3345367
2856181
1640983
1738514
2201262
3318826
3215219
1893180
1642649
1522343
2014280
2171437
4604525
1394876
1995319
2216916
1028834
2229820
2803274
3727280
3430963
2140006
2031675
2049317
2186399
2347095
6815216
1758654
2999515
2502562
2820121
2752801
2878442
2252779
1485451
3044342
19180475
2471443
2321138
1801525
2100296
2266674
2151156
1960168
1879911
2034118
2575460
2454208
2487655
2494574
1235683
985105
1383401
1718903
2477636
3669202
3729137
2390366
2322414
2440993
1895126
1875260
1704913
3479537
3546193
3130302
3104737
3247730
2526206
2277631
2042704
2438570
2320530
2090148
1981885
2165443
2311495
2285298
2616664
1445549
975388
954423
1091214
880677
918419
1757993
1925467
1754560
2326869
2936248
2288517
1491610
1099956
947729
878066
1222659
2047852
1519952
3596919
3728600
2529478
1940899
1945810
3058414
3027627
2937771
2611914
2310376
2274593
2510395
1925999
2507038
2314987
2639412
2260720
2511362
2283062
2043126
1879713
1505432
2623095
1738350
1680469
1599400
1588884
1844591
4499609
1709764
