6139458
4595813
4200944
2853468
9841486
4864189
2443805
1638065
2032571
1971363
4683672
3087650
5525967
6644557
2135717
2429501
2017579
2440816
2319168
3533997
2865420
2766858
1725632
1917019
1776919
1850199
1729467
3674971
1586921
4116988
4547870
3282570
4202660
2733982
1734543
2020323
4919684
5514624
5635827
4883948
4918449
4295214
20323545
4280456
8233692
6279584
9937241
5686608
6562609
3830472
9411633
4739185
4788297
7985427
5074545
5350644
4796532
4996642
5697396
4841466
5096632
3858818
6183987
4233351
3127505
1862041
1761539
4584539
5403088
2713751
4529750
6676355
4954076
4612836
5232974
6889958
7296373
4240379
5464617
8132290
2578653
2539612
2459060
4895527
5416196
7000578
2386095
5271505
4702507
4596986
4179259
4122244
4107861
6524986
4339442
13502525
3587303
2153844
7035834
1246696
2074244
1256410
10100015
10918979
2725629
922997
1050178
2262199
1212769
1450522
1396809
2387621
4119663
4266162
5172592
5046324
4204051
1905986
8223933
3270777
4365264
4940000
5039105
6320824
2083313
1900400
1144649
4720784
4671915
2698156
3160473
1086259
2421316
2326891
4729558
4654464
4046322
2236947
4227972
9356570
6991178
1015327
1739997
1881880
2035534
1927573
1302290
1434729
3818942
5088368
6384850
4030031
5326567
3482189
4318026
6178364
4677137
1254405
5633450
5835886
5232337
5066434
5161592
4741191
4713365
7098617
5209494
6992661
3748034
3608986
5318137
4671357
4583008
3910947
6093142
3648427
2022578
1745150
1055509
2029834
1321931
1722295
1915081
3112124
1775610
3332650
3313528
4829985
3132267
4538476
5627214
4797358
5851832
3639380
4447727
3362102
11367452
1929693
5157217
3640892
881793
1277643
1770276
1842701
3898335
5097488
8703808
4580468
3090673
2223798
16644329
3958718
12836616
7238655
966644
1000628
1066252
799131
2157086
920855
2582149
2561019
972118
1660558
2024745
3775384
1176001
1721818
4416256
2115472
2272408
3299923
2018421
2793898
2216017
1760271
1895213
2005865
1813579
1909429
1850088
821584
977526
915030
2126035
1335037
3812488
13861489
5634793
1428226
7329343
889761
5619358
1534878
9970582
903375
1226699
2046115
2394387
1701898
1572416
2511314
1813433
1589084
2121798
1903173
1400977
1642952
1971995
1860975
1084711
1013719
1967105
2253461
987307
1961732
2118961
2087729
1956815
1948239
1894436
763554
2108206
1644419
2716804
1200502
1044649
1154464
7907645
890822
1429906
874673
1509293
2189954
998216
2187132
2209994
2453653
842487
867542
4128473
2962480
2077490
2021580
3358920
5340363
1593845
8398011
3095332
3645094
3308838
2123204
2667215
3645426
8279749
5834665
3164933
1553032
3329056
3295520
3734223
4678232
2275859
3825877
5200722
2143797
1740826
1026769
14048177
2646375
3267367
4573073
2660110
9673075
2730493
3331401
3228309
6995932
2546353
1771699
2154313
1953090
1671523
2049956
2038711
871929
794657
1543431
1980338
2064466
1322618
2147864
1924923
915562
1257377
1572331
2053471
2605192
2142134
1941519
2791091
1236217
1475277
2105136
1734977
786206
835032
5659004
3720954
2716441
3133524
1364652
3119197
1133402
2817843
2195685
1541702
1485572
2067398
1673280
2256749
1553205
2055940
1856196
8023763
4268035
1333464
1744340
1154133
1393403
1093202
1172094
1831914
2117812
985077
1216643
6886566
1197487
1171301
1177132
3359561
2127455
1158727
1246780
1055718
921762
2143509
2112197
766613
1719309
845107
1832877
1529701
1422608
2113956
1661459
892068
6913447
909029
2442294
1237208
1762032
4041624
1662218
1828282
1639139
2045560
1776356
3246372
2589825
2884182
2316735
1261340
4244809
1659576
2621073
10438819
2466976
3310178
1815967
3214791
2426421
5198807
1648318
4332172
1710149
1569920
7535054
1438214
1538168
1820703
1675432
1781407
1735506
1698358
1662369
1713838
2526814
2277902
859383
1445148
1665822
2168254
1817878
2035516
1730528
1816335
2050495
1600949
1754264
1617620
3284721
1436881
1206899
1488824
2096941
1465731
1450649
1112793
1640285
1456728
1579693
1984711
1490211
1292693
2985383
2764899
1487326
2523770
5627066
2680029
2895779
2880744
1327804
1246660
1364678
1648212
1319066
848763
1524127
2527945
2728183
3614035
6443943
3508567
6966276
3212267
4967722
2325201
3166201
3641295
3685986
1492172
3045976
2385237
1100039
740132
3099782
1592191
2195184
1349666
1541769
948409
823079
1154001
820966
916232
817288
7329031
1490314
1536888
975947
1460638
1521100
1480705
1413517
2731874
2106931
1372792
3092009
1364855
1776322
19244855
5219664
2852384
2531195
8689467
1780572
1305835
1501894
1484046
1277334
1859050
1376847
906520
1462590
1690244
1739225
1254207
2544115
2172346
6535432
1619341
4301337
1537376
2867138
2306828
2338828
1394037
783868
2068116
1582823
1322617
2642745
2125919
2131206
1339315
2845161
2340841
1455394
1994575
2113339
2210948
3190973
2107303
1659555
1055217
990797
1326519
829247
1325089
1351961
1211605
1431825
1266360
1364174
2044739
2247604
1395269
2072205
2284425
4891493
2142133
1889856
1395341
1522615
1549350
819538
1224531
1875542
1004557
2254207
1121619
1605708
1514156
921017
701047
1576694
690118
1679543
1403052
744764
1877754
722552
1173393
1401195
1325680
1510569
3118771
2762184
3947981
12436263
22559976
1348040
1632527
2240848
2057397
4242635
2018194
4543300
2178177
2892810
1449558
1371452
2292026
2101846
2585942
2073425
3227258
757716
1421725
1021036
1352567
1322227
886327
1487863
1356791
784734
1832008
1447245
1482553
1446360
1300411
1374630
1347086
1418459
1432918
1067266
1610692
831340
1395652
1167605
2994112
2767575
2131949
1278116
3569420
2354726
3212132
2491261
2656814
2498560
2692812
5478274
2834031
2413611
2410733
1693361
2346396
2311446
4129318
2031416
1132733
5554816
1718052
1248080
2417157
2691494
2228556
2237902
1845278
945773
813961
803856
794738
1938563
1772228
1184075
3520176
1258458
2138112
2280262
1213041
2220120
1058372
2104106
1284112
1971867
4867100
7356989
1761359
1524077
2079432
1417977
1613033
1602821
1494289
1580352
1679050
2023805
2050234
1537013
2262056
2045390
1277349
1209391
981289
1627989
1766063
2611320
1499073
1754256
6176833
3146884
1225899
3181378
1676200
6250810
3488581
3084923
2163710
1836259
2190866
14324416
3115618
1389736
3564002
1641658
924142
1532899
1581864
776075
810916
1593123
1296941
2271022
1635025
2340224
2552152
1762644
1552277
5203710
2258324
2397194
2744353
2303539
2676659
2223319
2475495
2776851
1322414
2894178
4880655
2035097
2098081
934996
2567225
1344251
803694
1491091
2167202
801529
1709678
707180
818713
1616450
1624350
1698890
870777
1697858
2703130
1304173
2676653
2584119
1825644
2324433
2730617
2234026
2142932
2324266
1494472
2487392
2257597
4417636
1100620
1022124
1161085
1502486
1990092
1479851
762334
698893
1964615
1747224
947962
2380629
1841881
1990842
4308133
1405264
4852665
2290505
1323783
2141019
1549675
2500301
3276983
2216950
2284292
2641390
988158
2001482
1453740
898911
2279921
2049411
4472129
4080017
2090502
7511755
3049513
2843226
1379443
1443310
1740090
2989838
4409186
2250580
1563011
1640061
16700756
1389423
826802
1156999
1000816
1570305
816361
884360
1576619
880880
869587
3691804
3248055
15551755
1387547
2098847
2424398
2145626
3098965
2152141
1089233
5230483
1194068
2168587
3401448
1550259
1821582
914766
1410356
1339637
1880292
1477821
976450
1710725
1710335
1817040
1598073
771147
946803
2628560
1056664
1665938
818064
1029576
708321
1933479
1308694
1963330
2053175
1671923
1985632
2061087
1026307
1385785
2709373
2251513
5272965
2675546
3202259
3560026
3957518
1424625
1836600
2175251
3069579
1136620
3870055
2652369
6567980
1525329
5262863
3178122
3135478
7582834
3255390
2347281
2632433
2286722
2538255
1676959
2180759
2099975
1451208
3086045
2825933
3805964
2219286
5638860
3180236
3028197
1375305
2328233
3334248
1512595
3394819
2173295
2379826
2688878
3539941
2687717
2341404
3046846
1159730
2509043
1939310
2714524
3189069
2042835
1364964
895145
887625
1150948
1069861
1200631
1727383
1562893
1124930
1077405
1409076
1020012
1499561
862524
893224
1466046
3453736
2065042
1300380
2251226
1048287
2293625
3165848
2259662
1791540
2238029
5297806
3174310
2288179
2769903
4092110
638600
1293436
916892
896050
1444794
1234451
1634104
1352202
1604315
1101858
2351649
1498292
1552033
808761
718090
1618098
911566
3916123
2785870
1243179
2186396
1530497
1359997
1261625
2434232
2712787
1272810
1247837
1446672
683180
1530830
1994094
1480573
1695243
1165712
683135
772207
1088187
1796084
692567
2641049
1465131
834582
890889
1512874
895970
784663
998582
788862
1142220
1153459
875784
1669627
1471394
829719
1608971
906719
1393843
1811027
1822563
1265159
1375982
3816647
1562404
1364773
899181
1348879
1637682
1448033
1815156
1031827
819910
1252362
1789917
1756699
2446085
3495960
822565
1626641
833855
1268862
958645
1114934
1221794
1514482
1453568
1821713
1482354
1020023
1162923
4161893
2010975
1142266
1387547
659187
2002301
1820396
5182246
2811944
2147950
1921778
1316841
1568102
2263221
1136256
1846859
2708085
2668720
5421826
2369979
11683905
5843189
3713388
1950067
3065737
14651074
2435306
2569140
2824444
3090852
2534559
2257243
2059710
1123650
1307489
2688448
1008806
3865927
2253139
4152414
1499027
2025551
4344971
650610
2091829
1945924
1215755
2002147
2000638
2113738
2111535
1895411
1845999
3367108
1554787
2340207
2179194
2332706
2124370
1818068
1101970
2949256
1136274
1647994
2684384
3014549
2007332
2933834
2136882
3191080
1999301
3623072
1743598
2030767
2107519
1923857
1943289
2033012
3190754
1990150
1236145
2031375
2169786
1741104
1124165
5094950
1164317
1161712
1992764
2118773
1128365
1029233
2667084
1795671
1929776
1301086
2068274
1247899
2210746
2839442
1262755
2048688
2383310
4980254
2764809
1992395
2448945
11101102
1234917
2137197
3372567
1266070
1607573
887259
853335
1354793
936551
735640
27184209
816942
815928
921849
794905
746861
1880958
2764319
3454706
7369199
1961072
1645337
2312415
5247529
3597743
2024665
2449884
4379151
3024851
1922709
3086340
2625614
1911961
6962612
2673789
3553230
4109657
8798326
3432044
1632289
3730424
6468713
1624877
2529461
5233219
980528
1181336
5613733
7619263
2844071
3189552
5297821
2344192
2464184
6231797
3126457
2086532
7996890
2648847
1231236
1102656
1109473
2070132
1236489
1909813
4693353
2704407
2042329
1986342
1355548
1067377
2097857
1207899
3709075
3158434
1757454
622838
689652
1019073
970911
1309340
1447163
824655
865523
853780
775401
1613139
1400438
2224659
734019
1662565
1521540
1062082
1584666
1788795
1021124
1505824
1514219
1006842
1549373
948004
2238550
1671996
889581
1201734
962223
1130516
845232
1459008
1489810
1401200
721574
985994
1396163
1465647
1396007
890875
1244410
1345489
1924426
1364696
803621
1543840
1696764
823504
762395
1929750
1422344
1302652
1285525
738870
1384795
1301693
1101947
1549846
733756
1163591
1288241
895793
693886
588885
749747
1639976
1670614
1259179
4106186
1137024
2994631
2064305
1926543
2129216
1250807
1083742
1014023
2729169
2462185
2001505
2280865
1001782
1284766
1823058
1286732
1497107
1760442
1790412
1241455
776071
715219
916527
1547510
1574117
2088246
988945
1227938
695722
665380
1268441
740041
1438419
1549526
1676124
1360278
1782973
1750404
1578476
746273
1335838
1475176
1594245
4227101
1356304
2123212
2141934
5203089
2239063
2538738
3191908
2603230
3512287
2124708
1526806
1233339
1262480
3216088
2422453
1103663
2077874
4285078
1126209
1005558
2393523
2043769
1128680
1183462
1337075
2257266
1189071
1682437
982272
875350
813200
958714
1033687
956418
1466046
1042845
1398539
845782
558539
696122
1553640
2111798
1366857
1106666
2462236
2083654
2227256
1091644
999396
1937779
1005207
1182315
1001218
3074115
2415388
1282061
1313430
1487393
1374362
1364736
873925
1034092
826212
1114688
808653
868174
1165561
696741
943030
666862
5795528
2878231
2129342
1990173
642559
794078
1117074
740599
1175837
1131575
998047
1205319
1230425
1187590
1313342
1576530
1744102
1534139
1574440
1541938
910890
1381982
1472336
972317
897782
1028526
735427
1109028
1281102
1290826
1233430
13266337
1148809
1566309
1316314
1198467
1175298
1159806
1319721
1160719
1288774
1207885
1461827
1650562
1035084
1012433
908532
958215
1329412
1202669
1413426
1396963
1380155
1381924
1360838
856136
901008
1413797
2251647
1318399
4643919
2960941
2950022
5944826
1540252
1676157
1909110
1041480
1433366
1604281
1185322
899234
775010
661688
717384
709654
1031365
1266905
914807
949592
886733
691654
717569
1682095
2326223
1045536
885844
1497690
846722
1597887
1532605
1278014
1386734
1154122
1369080
1434345
909830
998194
1271705
1157900
709614
678077
865556
2199935
1395871
874566
1461594
1270846
1130304
1482764
1333336
1188403
1744610
1244051
5280942
1202729
1267920
1354146
911884
1385051
1527990
1889802
750186
1420194
1410009
1541792
1481998
980637
1033163
1528223
1467191
1711174
1529215
1205849
859619
1369211
1427400
906052
1513477
1295181
1332262
1360364
716455
1254788
688539
1357429
1113092
1094810
4097268
2066726
2149638
2230849
2868539
2144341
2063515
1120450
1109814
866637
1705201
1512338
760382
661279
1197873
721959
740607
665238
1022212
1120632
633621
1314579
1297068
1440071
1061460
1118405
1030019
1261758
723685
767127
657940
1313848
2101173
1447270
1217484
1795340
2232380
1305960
1550412
1152309
847887
799937
1021213
1266517
1438620
899234
922235
1036947
1361167
1022912
1137019
1056073
1272012
737996
1093758
1510746
1324529
2044648
1430331
1454299
776158
775904
1406263
735891
706885
985695
1516571
1342602
1367055
1198103
783696
1318676
1057228
945697
1220125
685412
1258542
676309
819260
994393
638520
1300448
697722
787511
816447
769209
1304351
1285892
883365
718011
1382732
8992655
717527
930913
770430
889584
1234901
684474
1082628
1154324
1211464
1156150
1051800
1092829
1108752
1222655
807034
1069026
2474059
953823
1160608
898685
837474
755256
919114
1066447
1224550
1171163
702321
1188607
768814
1289965
1168217
1429828
728928
1138816
1607389
1696253
1276284
1301312
2359182
1182450
2086771
647305
1158072
1188104
1314294
1247494
1162286
690236
686782
1943685
1642861
1999801
2110427
1027610
1106912
771682
1287773
649420
1910070
1105101
1744387
1508206
1227140
1204043
1207869
771213
782653
3557646
1951784
2001303
1231236
1090911
1607683
1142632
2534583
1732410
1646172
1653206
1670782
1066018
1630292
826673
644248
1505427
1358550
735025
834121
1454720
1051103
1638771
1169021
652323
1477705
609239
1951955
1050044
1208004
673970
1068856
1692208
611759
777652
2037422
856989
1459896
915066
676795
763740
856762
1140471
1311012
1352529
1682987
1319432
1101506
1410821
1469935
816086
1034706
1130488
1073140
741595
1183092
2095889
723997
593826
713460
1854725
1161136
1838087
1012697
1289361
671071
1514321
1234904
1462518
667447
5922135
1104841
884608
1247015
849240
784084
1192504
750368
1513986
1261963
1443455
808930
901602
851324
1415205
1490670
936343
1366896
1225696
1292073
821768
747534
1100537
1123554
1115133
1312199
677891
1128104
1337193
1158918
2903501
2038459
3073581
1491639
906018
1332691
1152937
2119092
2223800
5698239
2654374
1455988
2761576
7159474
1919159
2214436
6347175
2034437
2285544
1339596
1256574
930889
1475862
945242
820624
1073633
1082217
1280633
1435012
1382283
1625141
944824
830931
1280029
828931
1086457
1868156
2320337
3230834
1978817
3767052
3100213
3289304
1281377
2475167
687121
1427403
1004022
796844
754107
1338830
1138182
1155823
1808046
1902768
1432682
2619145
1265797
2392374
5181531
2185193
2008296
3138943
2038704
4281418
1575855
2108926
2501346
4672424
1169659
1939961
2081992
1148750
2897832
2540631
2075387
3298041
3145213
2140567
2665381
2250054
1363793
1106472
1034609
2527524
1137387
4078921
1165760
1733275
1440839
1889223
1643962
711135
1640623
1500633
765793
1093400
1207459
778040
841950
1328414
778101
1270489
1441138
717374
1423904
810114
708971
1247669
1372509
1351673
1267880
1324144
1245977
779402
1177666
1055129
1152174
835092
1471420
1107172
2080624
1262947
1399508
1286136
1325372
1426234
1005975
1336683
1503104
1311447
1421687
3049903
4904877
1352251
1563515
867651
1244058
1499357
766338
1447057
1188093
956706
879917
669982
1831713
1472812
1630230
905847
1627325
893816
1791732
1708080
776900
1157140
983275
704259
1082453
922053
1184895
1150828
699123
1259406
853969
4891247
2175542
2042060
1012210
1227427
2221593
2301056
5690816
1189744
1320024
1379171
1549373
804628
1378550
1029867
1244032
1405520
2922687
1238240
1227642
722452
1125255
592136
1172641
744734
729068
1311682
757369
694050
733459
712258
1121445
1629276
1451183
1252248
3279071
1401244
1422498
1149569
1236361
1248653
1374425
1324382
1366736
1840681
1731802
2285032
1931479
1819407
1843743
5216988
1948090
2395290
2217732
2158670
2294002
1359871
968929
1293522
852859
1196711
4886641
1519558
1957201
5801749
3451366
2640407
2096682
7871821
3052924
1921156
4992997
1590531
1320460
1438427
908793
856960
1493674
1765971
700578
1745314
1269921
845724
1191727
910784
990425
1645819
1936158
1491578
641698
740223
1248169
2151512
1828747
2580598
1893313
1429445
1644670
1677257
1377116
3091656
2884452
2601160
1439876
1282184
2950287
5943483
1307101
1351355
3098731
2882419
1214889
2801942
2486347
1133042
1795195
1062858
1120406
1217561
1485065
1420426
1682869
1101605
1683848
1251976
888573
1051548
1271301
1560332
2196723
2013146
3100353
2211599
2185345
1151998
3762397
1095879
1940967
1362394
994107
1007859
1221888
5236910
696526
1281268
614768
1406953
663640
834792
1141579
681782
884629
813359
1484176
913269
1221051
1206630
1534090
1219202
1136270
1025100
1040378
1952197
5236758
1120958
2907578
2389457
6023602
1981383
1825318
1441146
1529729
890761
695607
1270888
689106
1183886
1256602
1787848
775618
1227818
952814
1007708
949545
801762
653264
1397654
1369176
836496
950945
913881
1417829
980359
1299157
1384169
732072
1270047
670287
889815
1000436
5651889
2276207
5219106
1257082
2406051
1196818
2209275
2930994
2239794
1009812
2977068
2024993
2104200
859673
1339753
868248
1257987
1560953
1455689
1385681
1388714
855619
929573
952513
1272162
1045777
1146574
705777
1319269
1974665
1868893
3986591
2254259
2775183
7308602
1492102
1602279
2636640
1330680
1431707
790976
746853
777196
700028
956330
1246793
730169
918087
718845
1367329
855302
944588
1509631
811707
1539489
1565398
1422273
2938662
2167583
1171338
2614879
1585253
7395153
1150895
1924877
2216087
5043827
1295244
1022157
6100868
1961168
2211145
2078772
977839
2909469
1824765
3682741
3166683
2809240
2846271
3013861
3172422
2129400
7116330
2350395
2572595
1422355
760176
791204
1572554
1311387
3962353
710075
816679
1113673
1293164
787989
701792
768597
1378594
839658
897930
1112677
1275770
770234
705040
852874
854041
769029
910621
1722869
605894
818517
1143931
1686584
1487163
684157
894267
1387379
1838685
1588956
1466993
1339907
1285057
1261606
1213310
699425
1945250
1228049
1194236
817136
1702769
1174073
1714789
1245297
1079789
1246618
1812084
1814113
1635778
1615326
1167820
1301222
2177155
4889661
2028276
2813858
1103377
2590201
2300045
2251269
1257022
1941450
1867278
4951512
3368376
2867670
3638685
4704875
1360239
1876460
1159873
2168910
1870831
2089973
5220875
2830212
1884840
5979466
5921398
1981538
1326169
30205162
800292
990480
1143622
715823
1361898
801955
701792
1439302
1568271
1149412
821019
1642405
1444886
3261798
2003370
1931741
1136622
2960428
1135646
3044626
1249900
1109844
7100151
1085379
2055937
2865985
1068748
1105312
1254169
1084657
1277366
1264502
1080649
1110502
1131502
1260548
1213963
1252539
1240943
787316
1114638
959683
1054425
947974
1334420
783449
1515682
863832
1443483
1518567
925988
760955
1129857
896314
1573693
1297945
2433787
4557075
2415877
2640239
2193876
3044657
1943186
2597654
4528856
1582461
1223756
2681550
1942498
1964399
1067775
763632
1706727
1131715
644340
1553088
1131113
1244793
756927
1401660
884004
810415
1302854
1192347
694614
772599
1734299
1555611
1112594
658946
1300482
1984577
594115
671553
1103982
1280738
1985710
1545777
963670
1558256
1435246
1284111
882781
1304413
1243214
717067
1602028
751053
1176069
1353670
1399535
1191745
1355838
1272767
1689791
1842810
1757872
857328
888530
1284070
1024093
881990
1310423
846257
749192
789939
843400
2261714
1830096
1164450
2021021
4151986
2219219
1177322
2256735
1483671
2055849
2094271
1882238
1946972
3013232
1478589
4323519
3198950
3174497
2812895
1213489
1778564
2216073
3616354
1163204
3157488
2159723
3194348
2797789
1229072
4866848
2030701
1568462
3536513
2284318
1941622
2059553
5623252
2210940
2285529
2475682
2021500
2797442
1560540
1063130
1023478
1493042
1468138
1503209
1358927
1320514
1366834
1314178
1266454
838681
1347384
875623
1022915
748928
763849
831469
940427
1407750
1506268
818562
886999
913292
1130791
1215055
1160634
654127
1223492
1095467
786983
1424174
930350
859627
1397895
1199766
1253970
1282515
750711
1259173
724644
1023973
1331098
613014
1391488
1293332
1517394
1560019
1455944
1654600
1290745
1196934
1572679
1307256
747087
1358045
817178
771429
820123
1197223
1309115
1510210
1470082
1421505
1375554
1394717
1502794
1246064
1356240
1207141
1294418
787298
2621745
2903802
2392823
2333886
3018687
3121565
2600097
1792861
2583918
1147214
2915538
2613159
2152513
1092140
3074925
1034468
1015724
989218
873756
999410
774481
855377
825580
1026099
974543
2066463
817725
1003790
820183
2747931
1978225
1128476
1129427
1754212
1248350
3455420
2307126
2969514
3095989
5559091
2902385
2820066
4141622
1293929
1327758
2706200
2844606
2764908
1603237
6592982
1224858
2234257
2222033
6397332
2099353
2074475
3715496
1190188
1382153
1259107
707200
910466
861140
874523
699981
1523073
821142
1470833
862866
1302989
1239058
1054516
1276459
953214
933727
1015119
1410254
1444380
1539967
1381395
1703252
1259223
1403823
795410
1216472
965276
3332136
1882867
4869839
2481939
2237048
2282429
2064376
2270294
2065178
1292441
2175366
2166520
1929773
4668174
1970678
2272066
2291690
2029339
2372435
1357641
754330
1366851
1319993
1404253
1373959
1213135
842990
1611211
1228346
674330
1206138
696341
680411
1147821
1019648
788867
676986
659969
1226271
695788
718296
1592735
886425
2053175
1413643
2466669
2077550
2115347
4433331
1187583
2004548
1509505
4818040
2435105
1209942
4868792
3542066
2147801
2565313
4052397
1938719
2199914
1206996
2147261
1207621
1928017
4040077
2194292
1955824
3193879
3107379
1870915
2433484
5773222
1851681
2096578
4330294
1322466
2972309
3507292
3170820
2701436
1932746
2112908
2918461
1455284
1098684
6611358
3575162
2137537
2111352
3115177
3143482
2325232
2663522
3392259
2112773
3756842
1331420
1001017
2093592
3236542
1747889
2310635
1984003
2848639
2190858
2138468
1197746
1576544
2108326
1939446
1168361
1955181
2010840
3166403
3943816
1468893
1271866
3245516
3147993
3236418
1337306
1631969
3158342
3131461
7489859
1182295
1964430
1728188
858997
1062622
955319
866008
900727
846259
1404888
795301
874135
3813079
1793101
820502
1248945
900595
783335
816546
607988
804950
735912
868007
893855
841667
921600
1379938
809001
733242
936922
2633763
2166505
1931607
2009954
4644203
2478856
1094712
2148774
4626531
2252456
2964805
4349824
1057142
5714127
1260183
1294230
1392068
1453452
1520481
1838664
1418664
1567254
1116034
937863
697064
1181236
981723
1073232
895593
3222319
2788382
903295
1391661
1843032
1834044
1261716
729133
946060
607442
903950
906487
1458441
1475418
980210
1813951
1407729
1630112
1381262
1377340
2221308
1919356
2029646
1149426
1290947
1885595
1243434
1238703
1229520
1790804
1841890
1291727
1359885
1484179
1765161
1196600
1909822
1449501
1813688
1771294
1596885
1314668
1893528
1499807
1457066
664778
1713654
903173
1847169
683383
1629009
941611
898382
1481238
1194514
1360235
1392989
1240654
672563
683505
1420170
1319993
1183631
1310089
751123
1269558
872116758
2421841
2783161
2012600
3167680
1111094
1283342
1430980
1135997
737332
717712
654435
794756
761905
619057
5396079
1224195
950953
665992
707146
1370707
926411
1295317
1405091
1327697
1753847
1391712
749274
951258
1200749
1233967
815855
1141019
773137
3488439
2162456
2113379
2028388
2047969
2121794
2893565
1965480
2139003
4083877
2303939
1606715
3540654
3365433
1646891
1571943
795426
1325747
997965
707025
1361443
1835288
634113
960980
1278827
1729036
1344458
1452126
1611898
1853152
1351559
2057896
2785472
1930534
1104108
2773147
1433419
5058035
2028949
1999269
1906825
1970969
2670885
1357911
1974911
1095557
1981017
1551636
2842991
2123494
3193872
6515767
3184010
3026991
2498550
1901728
1976131
1828531
1584384
764147
1200026
1436770
1798881
1920569
1964492
1989285
2025654
2075175
2224646
4504902
2302097
868167
1467238
760100
1429481
1273763
1320711
1199195
1453467
1320405
1602958
684619
1975429
1990378
1981697
2087387
2871600
6437237
3160762
2779342
2026320
2939598
1542359
3169584
1293205
2248569
1884617
1040837
1016053
673643
709064
1341726
764137
672018
614131
2925647
1870980
1617367
2606118
1423106
1996752
3814506
2369089
1460729
1675236
950754
1276035
1292109
1336766
1556942
1483696
1591741
1380837
1263897
1161994
1219811
683068
1966731
1104703
795431
1656496
1785066
675739
1424606
815092
661530
671559
707258
717750
1171959
1380325
1264446
1238785
694221
1247121
635073
2881839
1176395
1193828
1967753
2089434
5670087
1656611
2133806
1921477
1296116
1959429
747676
1194947
1199904
802273
1143446
816526
1315901
777613
1267570
1011903
1669577
768721
801822
1138132
1013962
1839975
1461369
1107910
1285562
1129320
1437388
1746552
1200973
1520014
1179659
732440
1499745
819769
902763
1413406
1873554
2161837
1971400
1939720
1926074
1622791
3540828
2028147
2110640
2106171
5119488
1293675
2021517
1414129
1096206
798778
921978
1496693
911639
1709578
1430301
1234740
788085
1391668
715402
798495
793726
1524161
684854
1174537
1075069
1050564
936998
828562
1143261
1639728
1228940
1130549
1163659
1992457
2215227
1932598
2739892
2083871
2203385
2168317
2477452
1880194
2043582
5098956
1803858
2067854
2165462
2013530
1988137
2448750
1167523
869294
1288639
1348324
1536299
1321594
1513561
865952
899639
882577
1251217
1129517
1884795
1582259
1252570
2095156
1131619
1096909
1142709
2498325
2666196
2122562
1179154
1134609
1203637
1945150
2203214
1258368
2636309
1975014
1297231
1738341
2070159
1119560
2333030
2294936
1900168
1216036
2395422
5450547
2157898
2210043
2116088
1214499
1253430
1209590
1278147
1169349
965098
1317323
702987
1508903
989819
1095945
1180443
693509
689882
2369392
1643091
1789812
1389553
1249512
842022
700902
994093
1345429
1619623
750832
894827
1355539
1520633
1498275
1344292
1303910
1470051
2028879
1842214
2102867
4845881
2175360
2159802
2098916
2058698
2840751
3039691
1146903
790824
1270677
1343933
1179137
1007171
1151553
2055983
1877316
1891851
2048999
4250749
1711822
1089842
1941690
1650675
872705
1676083
1101097
1321243
1770316
1562344
1320201
717261
1243992
1652335
1367305
1170248
1835166
1776669
1215117
2119024
2037459
1136485
2064849
2058411
2161741
1290488
2269753
1931424
1976764
2094175
1876455
946541
1806372
2061742
1522190
1345194
1450850
1981506
1566989
1432408
1365405
1369055
782929
1507268
804085
1386108
1222290
2402933
2522672
3341938
1605638
2493654
2696193
3423037
3384086
2011444
1569047
2369750
5181024
2791921
1906868
1946576
1339013
5637146
1442376
1840953
1235605
1156934
2332613
1883801
1350544
1048721
1273038
987865
1443639
1284574
1126471
1140629
3442822
1987736
1849452
1834610
2071954
1441382
2006454
4612828
1662776
2103125
1209143
1506454
1417083
1608790
1391542
770243
1432925
1601456
4927029
2087572
891429
1846275
2200829
1918794
1602057
2809708
1394519
1522446
3291730
4859120
766445
2483753
1173461
7000212
2039679
2783257
1838136
1954811
3179925
1415809
1646100
925292
1458655
1496097
1574743
1290396
2069021
1889681
1350993
1153482
1083838
1298625
1736929
1772071
1390914
1022109
1965164
812313
915138
772555
733779
735918
1034327
1654062
1217636
1327214
1165153
1183485
1373609
1303573
1484374
1452506
1678035
1746151
1786390
1224097
1354031
2204968
1417391
1727370
1402641
1375436
921967
837780
719991
787623
1820363
1724035
1423071
869129
1529662
1582641
1419529
729553
1756906
778721
989920
1664832
1605916
1658043
1804978
740066
1415190
1532309
1696801
1370625
1230631
1480405
1119667
1398123
673033
679737
820254
748115
665203
1298069
830457
1166224
882360
1105293
1212594
858855
705437
1619028
812525
1863090
664463
929648
1000565
1150981
1296740
1806469
1331317
1214752
1675357
1551270
955398
726745
1347625
1653777
1499683
1242477
846571
868051
1599032
1526907
954617
1019350
1333369
835037
769875
689520
947311
4161820
1363771
2407477
1177629
1825332
4359862
2144303
2274070
1624712
2686786
2586724
788940
657927
749371
1341235
762531
1378052
1454000
740523
763168
1347406
1252168
1149807
1941161
1095645
1287944
4658399
1077358
2342059
1702372
966460
1277534
1424381
756950
902865
885969
1123767
1457771
1502671
1707161
1703881
1745815
1133812
1048963
1674041
1162606
760390
1324942
1953330
1955948
2290460
2755829
1622832
2411826
4018797
1215102
2409561
2162107
1219330
2134726
1268518
4513421
1306520
1038759
2248483
3505264
3256850
1107183
2359006
1968169
1152629
2043851
1305102
1013263
943207
1226545
1135822
1000484
1194759
1175267
1163560
1156624
1172582
1124733
857880
627743
1494908
1005379
789623
1087400
946317
1572949
1106988
1449108
1770332
1169241
1353756
1034941
975372
968574
1933652
5312919
2009456
2346772
2057500
1954703
2342131
3053848
3797772
993012
1897407
5047342
2306764
3111218
3032168
1110278
1162953
833230
699195
1204755
754179
652218
1237515
1192111
1024524
693404
1212265
1216953
785307
2229609
2198623
2496516
2618211
1112307
1480792
925441
981526
1026260
863118
1133478
1480685
1310114
1780773
4800599
1713788
988563
4598207
1505518
1695743
690735
1091112
815912
760213
827155
1042328
822509825
665886
698159
1225093
948706
665953
643122
1006793
739920
769506
1138964
642585
710218
1288762
1755175
1696400
963959
2706991
5579162
2872211
2025562
3167412
2222794
3214747
1980593
3143879
1052595
2156562
4552880
5680061
1086950
970898
1484724
847026
828149
1646746
1963118
1795783
1669483
2023281
1331926
789204
1360354
1329293
1006720
1324615
2142372
1316073
723314
1788614
1594790
1926565
1422808
1588119
1316213
1978110
1745443
1604783
1457886
1377962
2340437
1487934
2073456
2103102
1230990
1946385
2178948
4589476
2253951
2129312
3298077
2296405
1263907
629806
885564
1415627
603199
605512
1435820
1360397
696572
1464385
1367343
647567
679605
730337
901183
695179
1493914
933917
712057
653411
722752
746781
996003
1126519
842107
1416484
1111715
1801910
944293
1577934
1200883
1469496
733460
1266618
621833
659303
754535
1446299
734145
956530
1313686
1354165
1637239
706733
880729
726225
1260720
1550651
768445
1498121
767576
760911
2911592
1300789
1380959
657326
666491
715214
748713
2100323
712464
1223710
1636806
1709118
1744566
1720591
1275974
1054701
1121703
1102695
1103110
1138128
689329
876174
1014543
679631
893674
638721
1290218
1110295
1128372
1042572
1108849
1018314
762324
1274568
1152277
864585
1112374
935236
1198399
1467880
1152526
945809
1453472
921314
1249165
1086821
1154749
726469
1140620
1167894
1010105
1135590
1329970
964354
570256
1130645
4829770
1952055
1781054
2116120
1187661
3179745
807902
913548
541227
620208
1211971
756106
1007218
1157590
841818
894027
846381
1034626
1129253
725921
632822
1289353
2183500
2114004
1487852
1277892
1915022
2058449
2406568
2144044
2146435
2977356
2302483
2018542
1267791
1188897
1134088
813230
1057397
768944
1064160
1319952
848607
1013125
1449613
2076107
719239
655736
2232037
1107423
1025198
2505364
1388912
1363201
1134041
844233
1453611
671035
744429
1292270
676255
1290574
1707637
1444882
721163
1888455
1309797
2172702
1053281
925141
1206981
1279744
1376280
662280
1269005
1981154
1288619
671412
1787417
746658
1427132
1255571
1185743
5423695
2288014
1863539
1998024
1994115
1310521
964490
718133
902820
830249
1399377
2632046
1785443
1174143
2428170
1095336
1590887
1691127
836794
1130484
877963
936397
904395
1093767
113974975
3096041
1691463
5857583
2242432
2155918
3639819
2026407
906196
989162
3497522
1998340
1065864
2347241
4262859
1635449
859592
704214
626620
784116
768474
703475
652889
1080770
1149016
687562
858629
1686763
944199
906317
1470008
1170445
919086
882835
1371227
1388308
1597346
1452337
994365
1281571
1081649
823731
1508939
1150818
1037586
3377560
5369829
1986692
1268682
2636309
1226626
2337111
1463300
2305369
2019732
3505436
4064517
2595896
2216564
3244163
1896397
1898099
1864915
3595133
1202152
2243317
1244040
3390126
1192290
1979832
3134159
2257092
1762711
1487546
1494648
642032
692732
1471928
1438507
759845
1397685
663390
653280
1736881
1613123
1386589
1709926
615668
1593572
661413
1174224
781280
1996073
1338365
1035495
667644
1439542
850233
731989
1050064
1399373
803833
1636136
875979
1282559
1198493
1723445
1118692
1137421
902101
1715681
1411064
1337937
758482
1226771
3021469
3112839
4802223
2879479
1104988
5267125
2657152
3166766
2187145
2830498
1076523
2241238
6651836
2268058
3346703
1411295
2316197
2167757
958006
2301690
1135416
2230863
1616462
2059773
2042118
1980939
5508271
2660352
1228734
1348756
695685
1375315
708611
1129456
1862348
2012715
2209973
1065745
776108
1700358
634631
1291041
1061159
1153925
635723
1074649
891581
1565528
888689
747553
811514
1461973
949288
1394924
1412357
1815616
1732487
727516
738234
773512
2008734
1818641
2221338
707972
1295960
967047
783101
1673917
751480
766104
921725
977747
1004176
888876
725442
732460
677259
697429
672190
634439
712315
939255
1144780
608241
1659193
1257253
3732080
777877
960717
835980
1289485
863448
963102
1473168
897327
706201
697345
728251
998003
2063438
1992749
734535
851141
1643640
736544
665033
1405259
881371
1651432
860780
1271661
877744
1486234
680863
1411956
733632
1310759
1347856
1349736
1208331
1371375
1735734
1707212
1561236
1321587
744077
2171937
1155750
1005448
1439631
1306778
1568629
1745559
1110383
1819735
1173504
1589971
829821
1717875
1183333
1141396
2020259
1491708
2451477
2274180
2972390
1960541
807906
937320
1440163
950203
935831
1403223
1332979
1530659
1027931
718518
1188632
713474
775044
1545760
1162017
1118409
1105272
845524
1280262
719053
2131560
1194472
1197594
1098624
209288168
1011558
860712
875788
871800
705769
1092454
703483
745071
1512173
1341860
1104175
1559072
1197760
1696806
2835414
1967690
2013244
1607766
2124788
1916906
4102719
1874317
1190283
1143678
4255264
967149
1056730
3872298
2065566
1444978
2110003
1991599
2248244
1959586
4156041
2259972
1944791
2322383
4005925
1938871
1231945
1138775
998538
1641723
1404950
636917
684582
1324921
1213215
1446752
1016271
1249282
1449565
800617
1284137
733688
1434625
1080127
671103
829265
1050706
763057
1165376
1066984
739203
1385379
1533251
965541
765953
869846
1108106
1171135
1098114
1106388
2366101
1063544
782208
688777
1192575
1156999
805821
1541637
833341
1088424
1646092
821393
1126371
780314
994931
1249530
1172185
732337
1359793
1523055
1103505
1311574
1558560
772613
698426
1542698
3216079
3249570
1764358
1655163
727900
1136349
1220632
1582626
1103426
6006367
1700717
881634
998635
678091
665027
1563116
655080
1520955
1998390
1244722
1668637
1303396
1386835
1796518
1281585
753879
1481730
1252862
1267757
1409711
1217950
1310211
749779
1293540
1367270
1427041
1054511
1871174
1890903
1304698
1414811
1366712
675703
1339326
1291290
1597806
1559947
982534
995214
1312890
1535184
810721
1630187
1535790
1112192
881017
1440137
4235318
2705126
3006734
1320050
1188765
2677282
2015724
1978236
2580391
1996913
1944090
2118089
1252009
3228791
2120493
1469362
908033
2388925
699266
1578861
1176966
1228723
1030205
974182
704943
864803
1147303
1142315
821948
633480
1122261
1182886
1128071
1189350
744186
687783
933851
700387
1162067
1232014
1113244
1116668
1078650
1022495
1651934
1310853
849441
1485913
1635675
1702788
2593837
6101547
1144981
2083725
3544227
1229859
1355509
4089677
3372376
2328310
1242017
1998929
1183685
3024552
2095770
4087924
1249979
1312861
5706159
2441250
1205791
1816366
1916884
2068224
1531842
2517332
3080237
1574466
3138459
4595045
1955163
958896
2075352
1228559
1884024
3242673
1264958
1083374
1379639
2098281
2041691
1162481
1007056
2114352
1436139
826752
1606478
1459423
891655
817515
2197383
1425969
1437668
1792971
1518078
635314
1915909
1119264
1421656
1111330
1403456
780730
1870277
1605195
770095
1038687
819477
1539167
752682
915139
758548
1564587
1479110
1286264
1229559
1301771
1206029
1235996
1248229
5736816
3209833
3120468
3860316
2210808
2108038
3445183
2823039
3048454
3133159
6119878
2752212
1873816
1226136
1662766
746959
1342179
1993868
950768
1631466
1807337
909092
673482
2370684
1516809
1126532
948206
1249535
1260869
1032678
1219414
1543660
1518089
978949
1251103
1072354
1231994
1535951
1463124
1212734
1744706
724541
1880172
689362
1935967
805403
803369
838729
1258027
1769327
1332733
1692829
690922
705320
754959
838673
709745
1593215
730508
1292025
1153929
854707
1339514
827639
1379608
1685156
935904
731423
669499
729672
1684184
682065
1460589
1305621
1422908
689845
633972
1359974
1423889
648881
610057
1661550
1359821
1231128
706453
5438943
2418987
2022958
4511172
1248674
1935497
3014812
1073947
1363274
2088778
1993643
1701030
2018175
1620596
4661489
1644780
811320
1687437
1017846
1330649
724408
1160746
794878
634230
860848
1756105
669949
1140341
1130769
703019
862836
1154232
1475390
814262
795143
1160061
1842548
1217479
1408439
1871903
747909
1582332
2067560
1636279
1213112
1305861
1540512
748540
1261456
1274566
1193790
1222607
981826
894141
1558158
1391784
963858
667366
1146530
869166
1359105
951814
751339
1213011
756921
1388228
1036139
1547488
1741255
746731
1372080
732498
1624074
1838689
1723529
1485549
871634
1692659
1287303
1379691
834615
1410566
809354
1267189
1242502
1400738
1235484
904060
1180067
1031348
1397533
879646
1325541
1316166
1473888
1897091
1361799
1338923
1744816
1620737
1733528
763425
870972
841869
810649
1268694
1347564
1199179
1269553
1358116
1310374
1426075
3215172
5661842
3340214
1759530
744035
748867
1467328
702862
676787
639838
772916
1676107
695732
897385
1452802
1329341
640530
1268074
1397855
702170
1198447
1517113
832687
1310538
725629
993297
1335788
1221811
835216
650095
1014553
1485525
798324
1279123
1384387
1688164
1175284
1245543
1347720
1302831
842526
818814
1221466
918838
1153627
1172566
1523547
1224181
874949
1157313
1665814
1606954
1486327
1410677
1556471
1331760
1655948
1145646
1193108
775734
3682019
4447685
2087996
2911091
2045872
2359753
2283534
3063551
3071052
1927388
1917153
1003878
6141148
3758046
688839
1040860
1077979
617103
1166143
682264
717081
714184
1467921
729045
1478308
676476
1123438
3494143
1034945
1079084
625451
941450
1418934
1543461
1181993
1196203
1173424
880038
1155624
1011392
1370347
1108254
1165159
688072
713709
1257616
645263
964031
1802606
755355
825845
1028837
805789
1571689
1473393
648574
1256287
1191814
876726
1224949
1076081
736049
678917
1066786
881612
913875
811315
832545
1076019
586570
1155704
902361
1209654
1154990
710616
699585
1221602
1141349
1197945
1498162
696541
2029405
768705
995247
898403
970197
1278044
1036575
1195611
705441
1553070
1125679
909149
1749998
1615984
676257
913323
1678679
1228849
735181
830602
1137365
622511
1073357
1119374
738961
1148517
966242
1492035
1636185
670580
686572
1397350
1060513
1175603
735578
805424
1405613
1380653
772287
1277352
696542
885042
1502645
721027
655095
746302
620603
916289
1454253
1442861
1710708
779532
1313478
744159
1355581
1568596
857342
1284235
1394635
1365016
1369859
1058378
687518
889986
1211147
1058964
691563
1165916
700091
693093
1492390
1629105
1575795
2076690
1791690
633965
3520835
2756311
2713613
3265658
3796297
1932844
3014481
2639950
2808427
3712398
3488128
1078480
1962679
4949839
1102263
716627
966572
1411243
1266366
953273
888195
1296108
791837
1517251
1294580
735902
1224506
696461
1421844
595403
1529568
778406
1744672
1279900
1330332
1460282
1140839
1426193
1363862
1254008
751499
1394225
816691
2000090
2313319
1943233
1641083
3524684
2303265
1104868
1115686
1496027
2985282
2287128
1374352
1207082
2847013
861986
1401718
1366413
679041
2136142
1205883
1169754
1075273
1574574
1745482
1373890
927843
1748298
1970859
1080198
1203428
977920
701786
1600655
2184366
886292
962212
760566
1196318
668369
781473
640890
1031348
751922
1000544
3017153
1604216
2191810
1095977
993413
1245646
2419051
4272905
6888048
1867553
1237963
6007411
1345849
1723010
5998584
3130606
2125783
1375576
5432984
2200712
2193752
2080601
2107420
1969591
1972081
1263326
2113510
1168484
1276312
1088184
2142924
1351650
1179395
1009779
999900
1010048
1094035
854898
1285664
1654545
1756281
1464994
1102004
1254122
1715846
1449042
1053579
856572
1846377
1365828
1635587
1222216
1009982
1602524
843562
916182
695374
1060815
2056347
1583509
1232394
1221703
731807
757717
1243382
701857
1787408
1664671
912550
1267203
3505344
1312836
1344349
1700079
807863
1715779
1679440
1189422
1752469
1235295
1264857
1923098
703408
895761
1005564
2304610
2290155
1046939
1115765
2889823
2280279
3708165
2280765
1219445
2078951
1234296
2303427
1066220
2090528
3542502
1194150
2012339
1547941
1884090
1902729
1009968
1898268
3068399
2149870
1680414
1974540
3338855
1463284
1475575
1785296
1295130
1328254
1250070
1353631
2034657
1591923
1206129
1140654
2279159
1170296
1190802
1230159
1284058
1782429
1509943
1727925
1475105
1818576
1220980
1391278
1189934
1181976
686040
782869
745666
718104
1551484
1400715
1508233
1251295
1322500
700897
1132724
1062523
604411
1050920
706352
787382
1661348
743991
1073339
1496034
1829135
1135208
1789327
1309203
848180
1202291
971935
1214011
1389828
717395
1388516
777659
759273
731933
838591
1208795
1476613
1243956
669757
1364969
1338240
1077781
1395919
1520271
1658181
797452
719579
1138343
673648
783116
806929
1303967
865466
1296457
1397886
792314
1547160
1206160
1505653
1472908
878925
905723
1734217
853687
1479306
1517061
1724794
762019
1259055
1340209
1368281
1148384
1265234
1230135
873083
1563936
1249824
695541
811920
676306
613880
1326503
1324649
1231233
1340248
994362
1422707
1471285
711941
1526221
678058
1337445
1822055
1101777
973150
1140347
1066509
1567790
1478578
760804
810982
1312519
780281
1433090
1219185
2088586
1224261
679906
1276423
804175
1285397
674124
1216436
1245455
1820788
1452455
1738241
894322
1755942
820156
590192
1079877
1104831
1180882
1364011
1099859
736025
1282025
1091085
733386
582851
710285
841862
4489224
1239283
2081347
2104220
1938603
1148360
2408859
2145200
1105869
2031615
1638113
2023736
1196835
1967394
2850702
2206541
1200763
1124959
1176051
1893497
1322860
2052159
2022372
1930533
1230148
1145002
982048
1395349
3209357
822386
826996
1644411
645356
1242502
688884
1578220
1345895
981354
743766
700265
1419380
1103795
1317280
661819
1183243
768933
693331
1102492
767982
1684991
1137527
1040516
953881
974174
882796
928899
747764
808436
1573518
1509140
1392799
715253
744927
747643
1440993
835854
1791521
765293
821168
5982833
1243998
1101379
1203781
1236236
1533281
1761537
1474232
1352958
696568
857421
947879
1217479
1104704
1657389
769877
1212750
1312995
1344804
1103811
1148447
1438776
1320307
812126
1839610
1117742
1620782
1532413
1401992
1302703
792875
821688
1537839
1324099
1387117
1477143
813892
856417
1008589
925177
830863
923036
933252
891147
890222
1081983
1084601
1436735
828520
932858
1007263
1837604
1036003
883842
1827705
1437575
1478831
1469605
1207364
1472483
754379
780993
1012292
621750
605808
758447
826953
631070
608989
808550
620662
766302
1255936
999116
1388838
1038236
1194713
894676
805881
1485369
1439785
1215588
1198866
831844
1593931
875900
702481
865645
1777831
1239483
665311
1066795
1348774
711537
2121130
1079668
777007
1352480
788392
905886
1341793
755832
1077655
658115
665182
2782248
2153011
4741960
2252661
1889941
3546875
1889721
1319658
1205659
1141074
1173689
1032276
792845
1286354
1060697
889276
1162174
1524049
1197121
1220068
5805477
2007090
1956053
3550024
2082630
1874940
3274580
4113069
2952228
3216202
3363532
1982731
2372135
1838801
6971782
991286
2530894
4883687
5245860
3337090
984717
875782
1432062
1698395
1671547
1876313
1317370
886174
1185777
1410168
1388889
1424334
791676
1246791
1372472
2467793
5881098
2205401
2159649
4566859
2350032
1833072
2198820
2095272
1864261
2127490
3838183
1665702
1880637
1527101
2856309
2132864
2105453
4511488
5069832
1144377
1009720
1935350
2003132
1888568
2740208
2059950
2347595
649271
1446734
741733
1609604
1471775
1116298
1177551
697564
1616339
1688577
844039
656376
1572097
859753
1334096
623997
1838979
588495
1365472
1083811
1689011
1763162
1252752
1669224
1064052
1689792
613830
690413
728408
1198094
1315043
851249
1145761
1183030
998578
1502165
1317370
1203697
1418385
1389685
1198741
1399658
1229098
2295542
4125265
1390854
1204795
1161581
1317304
1481487
1417623
1469208
1347654
1177397
1468653
1649893
1809254
2108673
2160264
2193597
1974390
2215058
1475723
2653510
2561866
3160393
2884130
1785543
1112004
1184978
1166651
1149437
1051513
1341727
1169943
1164821
1199351
1207487
1366676
1117552
1166707
1285762
1935414
1926286
1927586
1854500
4611975
2090494
988889
745965
722100
614916
869141
1316826
1113563
731023
1846273
700938
1240036
733069
1883586
1157328
902277
1065713
2170433
1802302
1388834
1760460
1281251
1144585
656596
3880576
2346127
1980213
606743
2176050
1157064
941714
803859
1175113
998300
2390617
1611468
1292328
816535
1801691
1453058
1711903
1772728
1810678
860786
1143484
1274869
1689543
1177588
1178871
2059157
688005
1620734
685775
708021
620417
1071186
1757905
581912
1349358
1296322
1539697
699442
1643453
1572586
1319382
664553
1205899
825865
756593
1223047
5937350
1050513
2278901
3453711
1438856
1229398
1239648
1250198
1802156
2037410
1632387
1399012
685146
1348935
1127174
1264500
1382648
2009198
1838410
1582077
2019925
1998257
1369042
1895383
2243725
1365220
1063158
701984
995653
1605066
1810977
1214581
1598291
1700973
945666
715692
1332938
1452663
1318223
1557876
1024335
958582
1307106
1642723
874132
1073427
1257701
1145474
1481765
1326685
1873174
1722460
1176247
1078915
1355470
1683333
750185
1331162
1649622
1188213
854777
775794
1230253
811485
1522876
1564787
1284580
1205606
1430629
1347267
1286933
1297674
2005697
1503049
2793566
2092476
2285365
1946768
7393209
2727367
2922744
5906984
1979352
1776202
1383245
1107540
854133
718499
928764
757909
939577
782227
738505
574769
886173
862681
1211748
1234859
605866
736912
1829925
877126
742448
1982750
847842
669406
813337
868655
1195289
1013184
2122376
1236699
1410821
1097286
1243971
1539097
1000224
1091834
920018
854672
1020474
1204931
853131
828204
1119137
1368387
1276978
1287544
1124428
1211096
1387499
1607635
1878199
1447650
1231749
1086036
1167396
742198
872976
1185126
1160614
1047087
1268838
1198604
1161601
1203324
1207947
2130232
1686529
994920
2168589
1855134
1157868
1201210
1218426
770019
1204079
900275
1355418
1321395
1112048
1151609
1192562
751053
794510
1094430
1097375
1738268
1063603
1009161
753342
977730
1035502
1000494
2101069
1413464
1422925
1975138
1072319
4190942
1090830
2071316
2224050
1794338
1666050
1707238
683903
1378238
639971
720663
666971
720346
669197
639386
1222918
630743
1062576
1079831
1046468
970596
2116954
1196945
1097491
800266
1118912
1014625
1332306
630464
1355017
1405277
658142
1630003
1747102
864078
1331248
1087677
1145447
1776737
1882460
710795
1401291
1518628
844359
1049256
693271
766430
668350
1166085
1253288
1651449
1136240
1170089
1105223
1154351
824595
614595
1224833
808047
638315
1319737
1277721
1663359
1307678
5342464
2087322
1881390
2272307
2090855
2172034
1297629
3961349
1277039
2138037
1966927
1014176
2286882
1855884
778448
1762721
688698
1358571
1653332
748906
5610275
1208871
714424
766439
1049755
1205498
1348615
1212844
876685
1563674
1514717
1624462
1457546
776075
864996
985356
769782
1259229
1444104
1005349
1252073
1507631
1602606
2381752
1118713
1060081
2785791
3936150
3305096
4302431
2388848
2099222
3008658
2055749
1964579
2198597
4692187
2484779
2914553
1986947
4656708
2618733
1920981
3968653
2873444
1897131
1922255
2038575
1327542
1322798
4657588
2319855
1298510
718836
1071690
854856
1564941
683961
647692
726398
1220916
1118341
1728855
896365
1700170
602531
601470
605012
600848
1601956
671125
793193
761580
827909
1232201
1272116
1618739
1374754
1219294
900233
1396425
3425296
2458594
2839728
2965074
6449605
2468001
1184502
1295414
3286691
1215922
1090705
4617960
1127487
1607590
1512914
1335511
882252
1056749
824108
1301034
1365087
813729
1408486
935084
1576760
1273280
1151881
801735
2982956
2106503
2680025
3579641
4652552
1987040
2534271
1206813
4377519
1846126
1979525
6434045
2305258
1044349
3099168
1650992
1701065
1191774
873362
1450380
557777
682809
1099271
1179710
1076212
1047107
543693
874488
909083
808027
869733
841282
777849
741850
998341
987213
711199
1141399
1120321
1269750
953248
1208262
659300
754812
801851
725101
1189274
1257084
821541
1134340
1220023
1114608
1164283
851446
1174458
1680605
1159496
791797
1308610
1073052
1048812
1590743
1560141
1077971
1445758
1463031
1393092
826564
1372130
1618815
1407865
837983
956636
1296422
1399647
695939
759835
668356
742609
1362971
687654
1060976
680954
1117727
873533
1063011
927267
674767
763967
646648
739422
729716
1433320
609592
719054
738256
1216119
792508
2116435
1107469
1464883
656945
1059682
717688
733708
785960
1700117
1821888
1032701
886526
893251
1538789
1377433
1059840
1861711
1981981
1158555
2426748
1139057
2285293
2823431
3444447
1814415
3502384
1256886
2988294
1196912
2760090
649905
1414537
718229
1222401
1647407
1943017
814574
786679
1512272
1817637
1430364
1405729
1242947
1349639
1380087
889500
698543
1467927
782059
753758
691567
1385365
1436880
1324842
1404417
1408874
1194106
1491258
1514047
814567
1412396
1136267
4809229
723055
1318679
1312980
665906
1435450
1531821
1130003
1669547
814042
854975
1073893
672418
1622872
678636
597136
676682
666670
1307656
716650
1141428
1002302
868087
1004063
1257625
1066019
1302771
742966
931368
1115127
1030363
640978
787006
761524
815511
729569
976079
1103999
635124
1057432
708860
684492
1426606
949408
692882
806635
2010597
894429
818495
2102428
664469
1716580
876729
874724
1848101
4186663
1151652
1885745
1944320
4600917
1206939
3455912
4564834
2189646
1929071
2168350
1762518
1984101
699743
1619091
667430
773194
1198851
721250
1065078
729328
673287
665391
655465
950788
597155
610398
877968
1230192
1770516
1674786
1811995
622538
1829627
904544
1065310
670962
1359834
906934
661751
727001
5626298
1050856
1198365
946590
1147945
1364883
1526933
844328
1509473
1095662
828483
1501517
800895
1085339
1732963
1181551
1670386
925339
1000486
985757
962188
838378
961601
1159286
818985
743507
1481621
674072
940022
1201153
698543
1060263
1348242
1412643
1742443
1781295
1750265
1452935
802707
1124397
1332057
1139507
700591
1292268
1178995
1255799
1232213
609091
1195865
683085
1052623
1433673
1137422
695477
1264606
1651555
684072
1801196
2364307
1085979
1582988
619403
874061
1955103
1763333
2114621
793683
766325
1441989
876278
663583
1255843
1576523
1109886
1622340
839322
920642
1313453
872898
1712817
758394
1279774
1307044
1654553
1740005
708889
1538611
1441049
916653
1341788
1285969
1685614
2246631
1913844
2251962
1272035
2079934
3625732
1349511
1396961
4838053
1112529
1825773
2510657
3498207
2282122
2646237
3561868
3832012
3189248
2787712
5335899
1155274
1475580
1279167
1101409
1466531
1258567
1332075
1271372
1503616
805743
1267270
1341385
1502154
1419240
2180301
1952894
2002485
4316542
1152055
1411515
2011558
996403
724605
1070926
3771489
1076983
2048166
1690095
2846496
2168245
1857716
703950
2142018
4561975
1093275
733914
1796584
2046093
1054540
1141266
1123388
600081
832231
1140493
856861
1155091
1162007
2206045
2101410
4456535
1969190
1766073
4443464
1149648
2006380
1801552
2033045
1873048
2060643
3036123
1361167
686116
1532447
988609
1314418
820459
1200056
1357348
880186
1359829
765980
1187573
1358615
6564471
1349192
751679
815059
1380659
1528526
1400361
973520
1184395
896747
1003691
837843
1746207
1715577
1272374
1649575
695674
632599
724060
576990
726811
879541
1042917
613047
736592
710428
593862
780443
703962
668604
921720
596278
876081
792006
795319
802258
1569435
1349635
1285461
1562038
769833
1360049
1457312
1722750
899154
818210
2100490
884848
1603717
941643
1565885
1336438
887884
1338056
752492
1006465
960299
892172
716415
1066910
1126130
1613494
1988417
1305461
750828
893700
891425
781918
1559494
783906
1011771
747938
751966
814777
1189028
1059664
1164432
627743
791256
709155
2143457
978128
5580769
1031761
1113521
900929
3002636
1085517
1533180
871663
742697
1451747
1218199
763689
1093785
1115029
1123844
1135792
1118419
687448
1235152
563138
1504925
949356
1342320
775841
916168
981447
733532
787259
713344
887950
626352
1082512
3643238
1130680
739117
726934
899392
731164
755464
713999
877867
614880
1322404
1081246
1108615
797367
1273524
1618216
2446335
1927487
1089959
1816042
2296931
3229328
1147085
2074768
2567293
5356528
1995802
1029224
970667
1016402
1147347
1933954
944670
1261528
1966857
5638062
1764254
2025330
2088423
4353947
1179625
2038026
1861839
1986069
1327290
2021894
1261848
2145599
2111996
4566266
860096
2283816
2274615
2518279
2070428
2272437
1881426
2210401
1139900
1524042
1241459
1996706
2121413
1871559
3689126
1756503
1980717
1894265
1141818
1562210
1429887
728522
706343
1356426
997677
1062963
1018238
677955
1185803
2436428
1274321
3541889
6080589
703875
684832
1122901
1954475
1126349
2880607
1086189
2079505
1357542
8077873
2940301
2832102
786777
2908293
3511845
2188687
3420105
2218440
1197437
1898344
1879865
1664567
619726
1282491
1954807
706280
816689
1498420
639216
1657579
1007160
3023170
1333394
1597654
1227488
1102131
2001942
4903261
2499879
968658
2308276
2086214
2606217
2110179
2688815
2114876
1978300
1093104
1760596
939655
2178872
4674086
2037795
2764333
2976879
3141102
2594927
1977638
1815789
1931652
2232505
2265720
1360477
1432650
1959114
2276729
4348739
1431555
2089481
1175670
2144414
2139208
1034500
2871478
1099381
1528897
1206526
687036
1079299
2340060
1287907
1955730
1940129
973847
1769302
3563951
1293366
2094756
1687544
2041948
775767
1442807
4696970
693606
1590360
749323
1402325
701822
654842
1012083
1537735
1590211
902152
1746825
1774671
658513
633678
1149165
842202
1421366
719982
1033562
767421
775446
753618
1171881
874750
2156183
930376
786090
1198044
839301
1368110
1201655
1099771
914177
1077841
1050646
2581316
1209558
1458330
967037
750572
962320
1982908
1645046
697353
1902802
605533
1661927
636431
1470022
705317
1660390
1540226
2385821
1738967
1135745
724761
1190297
1839473
817460
1345914
745741
678483
608218
513931
750303
896974
1865210
1179755
2983923
2562530
1090986
2060943
2747509
1161605
1606987
3234821
2086166
1332683
2278509
3749420
1558262
846584
882726
4231432
2275560
1974913
1006579
1181647
3244299
2073741
1257245
1118998
1181824
999292
594464
1893365
1088479
2575119
1924519
1921080
5944772
1678222
1835665
4410399
1473469
2788054
1369953
2461494
2531281
1258736
4292253
1170896
1278144
757035
1407505
1290546
1095448
609335
1399744
823216
1290828
699125
2053140
1875066
8208983
2169079
1037844
931041
1564583
1350794
1319755
1347126
1263906
1195021
713622
2194309
1302053
1585880
927401
1635064
1206089
2082813
3006141
2443497
2398230
1945313
4342294
1084782
3362262
3209437
3822565
2955052
2536799
4027942
1473994
2609117
2140498
2322904
1301819
1029502
4412923
1147936
1694332
1064111
1859447
1911862
1196758
3934640
1937326
2391572
1102513
2972322
1414029
1198422
4653149
1912722
1223009
2093429
1137691
1084089
982219
1095224
803062
776318
2261208
1131657
717195
1420717
3334503
2084516
2094500
1196863
2525829
2212940
2120207
4173816
1285319
821815
1095940
1197828
1274741
1197195
919553
1535193
1242056
1143953
1716949
771710
1433850
1696384
2494973
700501
1359843
892105
1384143
1161326
1677327
728854
2046082
1479230
1172586
4089564
2669074
1963774
1501647
779892
1367688
747199
653227
616143
2024717
818826
1330139
627048
996998
1676321
2009827
2839661
2402616
1152799
1032816
1677475
3121865
2656699
1427092
5793066
2633856
3648253
3218751
1970900
1984541
1921987
1561748
1113919
561317
1189897
718019
785055
1159421
1222439
1177293
1149334
1138063
663860
1117828
1151749
990803
1317997
1333628
784277
991577
2073171
1090195
4909367
2225167
2200273
1129643
1574142
1269845
964087
3754236
2236312
1635391
1337549
1493135
1207061
800283
786504
790118
1566554
746026
1323220
832601
973170
1064875
1192534
1005034
836773
882506
835861
722840
1123229
1511263
885699
1049504
859550
1076055
1101742
1693915
867787
1714650
924734
1331725
950874
1525715
880030
794595
780539
1446195
724637
957281
946801
867521
808348
1350321
895429
3006370
5407580
1563912
2040488
2861980
2866934
1293908
1222545
4751262
2049123
2070290
4684085
2076372
3412493
1116138
1704809
1602887
1182101
1735855
1543529
1918085
1095658
878052
1012819
1154312
980412
1131645
1048586
1008838
879656
984135
1037272
903237
977221
869996
1006335
781593
988211
658654
689009
740597
1462336
808923
895402
773562
1239751
1233771
1387922
888727
1836953
1205958
1480606
1403050
1801672
972269
982660
905350
2625350
1697842
1964463
4417062
1900871
2297392
1999049
1935467
2028383
2032145
2154316
4286081
1917813
1930198
2154316
3708370
989074
1033907
4777403
1016629
1104541
1912452
1762165
2167240
1438235
2606916
1082528
1657691
1474032
787438
822381
1249089
1779391
875037
1195441
929893
709091
1197675
707258
1128518
830161
839992
838943
1044496
881334
1558030
1369784
732385
765896
1151093
629108
1094177
672247
1720192
926934
871919
958053
664521
916385
1705885
1314976
723321
1309218
802062
1216080
1358447
1079121
1040396
885380
1341474
612751
6572066
2129301
1947312
2991255
2801960
3286666
2159020
4636417
1163954
1799739
2685021
2925480
2877362
2888841
2039225
3177108
2858452
4567917
1693610
1934663
1993109
4252984
1077350
1945327
2023804
1529199
1081180
2299785
2266030
1925890
2643352
2102753
2533007
1140679
2408092
2146402
1809954
2270730
2447995
3450596
1332992
2304877
3017243
1953549
1147577
1174854
1240477
1107929
1125768
1177705
1509694
1181765
1187250
1062284
1168927
1225925
1369541
1031510
1126192
1410456
1119711
1085966
1174019
650974
1113098
2132663
808678
1119257
788678
1064625
1134375
785066
1044932
1138263
607769
1102788
1230720
750999
1106795
1208788
639124
816090
776436
1342530
2099445
670858
1191291
1432647
1172834
1351684
1361261
1608213
886303
715792
1190078
1529398
1259029
2119837
1262951
1381317
1490691
1261649
748250
1370256
717086
933914
1455057
1628104
991920
1345500
1341337
960364
837139
1653609
893081
739719
1363365
1522378
1556338
868633
701354
1652536
703714
885246
731822
1816548
1901795
1268179
1196937
1664536
869864
1436651
1384856
1712241
705802
616386
590868
1350949
1614532
1734427
692420
1602495
1197388
2342805
2317278
2055146
8202629
3178515
3145070
3437141
6330036
3188065
2955823
3250779
1419140
1034179
2056033
1359679
2648450
2232101
6034237
3048469
2128477
2144031
2253632
3400782
2623164
2947994
3438468
3597610
1987500
1135610
1380264
1268232
1985316
1283267
1036544
1488156
1223378
727587
1248165
1207643
1335587
769692
1226138
1656871
1563150
2051430
764460
653448
686998
1430191
597589
1087183
665854
680783
1641001
726879
714438
734301
1779904
1274961
1348300
1555648
2089834
1160516
1340210
818886
1344170
786939
1158911
1516448
1470011
885128
1733662
736759
1276813
1370248
1161366
1011813
1254095
1109915
921806
1381595
895506
764175
1264329
1489809
1175949
1544922
1390964
1546990
1357379
834489
1255181
1325231
1446941
1326683
1394983
1374104
1903901
1256891
1302711
1007797
2046967
1412248
1196583
688211
1114436
1162558
1503812
1249115
1207497
1918492
1313942
1378039
939250
1312187
1370309
1300465
1188348
1109798
831830
628443
1114806
729859
1009480
1133551
790317
739435
679039
1110111
1131753
689815
1212937
792703
964341
1431077
878758
664498
794607
654810
1281469
1196516
725441
736024
3041731
3059707
2628070
3599820
3176167
2442631
2022905
2484282
2099523
5784105
1487854
2094242
2253211
2731323
1259127
823233
778689
884471
1288273
1955051
689012
1376041
1366962
792523
887832
1042239
1313331
1619153
665579
2939096
6305692
2108672
1073568
1908307
3473517
5289449
2861321
7355811
1994992
3436818
2002048
1537827
1443399
1764580
1225944
829241
1047453
659014
705879
1477949
1296163
1476214
1051745
1337950
1404648
1337782
1359418
2515775
1356000
749460
1033486
1253077
718999
1781704
1542219
1229327
1254596
1274084
1056510
773156
1124765
796043
1173621
787598
771064
1417888
750745
1708575
761100
1555919
1443045
1852915
1005090
1773308
1818487
1102798
1225867
3585428
2668927
2786456
5566429
1980687
1420796
1149543
1133622
2709149
2765675
1266521
2763134
1492720
779124
916668
1964111
856763
1478645
822576
2371924
1221011
2922571
2058351
1994071
2117635
1133804
1839119
1360571
4770380
1924736
2231696
3521740
1657030
2075919
1121903
1249111
2272463
1873143
1880919
1212325
1457661
1107674
1039162
702240
848409
1387374
1274281
1183241
1421758
941300
805668
1508362
900994
727812
1275815
771993
1572189
1194627
1576545
1260984
1512783
1500029
929173
776373
1404542
861173
954220
901995
779088
790463
1077987
1014018
1038028
632989
1492410
1028765
848043
1094670
905330
930994
991151
1059105
630437
803019
2336942
1084004
863086
788342
901757
699761
1159001
998519
1143769
1085538
2979358
980230
980201
1275600
3168117
7004562
3098458
1949198
4300558
1433936
2495256
2230615
987030
3161768
1600309
2918531
2628717
1944826
4104163
701703
959086
885275
1250600
1267305
1264430
765255
680907
1011857
667224
1236754
1318432
1099782
1750894
1070869
1788370
655035
635656
1296861
759770
1421143
701287
1064274
731046
1176202
1159824
1257656
679651
614794
2134947
1251756
823589
2132939
1135918
1662484
716389
656777
1832266
765742
775282
1339433
819800
948447
1511137
1434482
1666062
1382977
845964
1319799
1405968
659055
683026
736472
1528299
1410558
637501
680919
1509789
1128850
1959084
3995962
2077982
1036263
2591949
991490
1302667
3846430
1747076
2049832
1080971
2854868
2918178
2509360
1965006
3615329
2092693
2045388
4746440
1821180
1004216
783819
1119780
1053745
1391964
1465955
774379
861458
1168727
923355
1242300
856369
856164
1099364
724279
848625
1207452
805578
716854
1498070
673986
1695564
1497497
1681009
1390139
1420306
1444284
1576181
1236480
1744348
896887
1114630
924185
1309415
1206241
938784
718137
1473430
681612
810419
1247824
774232
915629
1165180
675099
710848
1563463
666500
1076886
828756
1204105
1049786
620508
1290822
1331496
1187166
1526045
645900
797864
666360
598924
1037707
1249400
1135223
1146009
1249836
1461924
720243
2140406
1512215
1174670
1364010
1601142
1685784
1708834
1242834
851286
1568555
3651675
1787132
2282648
1012799
1990795
2010086
1588665
6113462
1037241
1858649
4739200
3072572
980526
1200900
2992588
839098
1194448
1339343
829504
759507
925690
813677
988007
1609455
1380739
1348437
1556888
817838
709693
1576915
754385
1287524
1426667
1221370
1450153
1235088
1297020
2060500
1697717
1365769
1544864
1422654
1805984
1270456
390860642
931661
780244
1319536
1145340
962843
1837932
1181541
667292
1771822
949956
1623353
704900
1037085
757081
1117512
676332
1069548
1284953
1148559
1043764
1116110
1811547
1270721
1648522
787381
1117339
995945
1042353
1081050
1106472
1930700
1191292
812681
1812027
1529514
1564816
1533989
767108
1480252
1753053
1040535
841655
1652522
1831483
1331585
1264711
662185
1715997
1380625
1262512
1776436
1757258
1419612
1340970
1442970
618803
576549
909862
827935
1584404
1707626
1267487
1116301
1666298
1248541
747700
1420651
1106823
1473706
1465398
891642
821986
646513
703860
666262
1154044
1215721
1166682
1094881
737012
1815909
1050308
1969379
776483
891311
1279511
739480
871078
704834
1115520
1262315
988898
789182
1195255
889565
1244359
1198523
786024
728479
1085115
1680592
1277859
1133452
668080
882330
1231145
746390
674198
910054
1570571
746418
1225109
1854671
893983
1449264
784072
878988
1454979
826411
857066
1623887
1137190
1416491
829141
766142
733460
1416308
2234245
2035660
2114860
2126602
1978300
3086038
3046383
2190375
1103916
1088822
4463074
2322066
1917942
4488085
1081886
849478
984392
981867
683964
680135
1035122
1406837
1103959
1176230
1228882
826435
1474814
1318549
1302518
985589
701310
651358
1192384
742015
692785
774418
746043
774121
686411
756019
669029
668338
1283660
2550990
2362913
3255891
1033164
1268063
896119
1411965
1636548
832667
1855279
1664803
1337872
1267213
733712
1467915
2397032
1792943
1719583
808519
1014991
1605421
1781280
1322279
732725
830168
1693897
1874168
1779591
933877
1342024
703477
1371868
1477431
1052433
1580707
1256845
1328683
1363827
1549984
1318038
675845
707161
831010
1125570
1415648
1143382
1377659
962747
827829
1009486
760730
1170982
1053329
1249811
803726
812279
724691
3326412
2152616
3067199
3300515
1025218
4223003
2050097
1893090
2070085
3209200
1958117
2197232
4639474
1840474
889520
1461057
1191264
1336774
1375657
1289921
1190035
951097
1515774
716592
1265054
1070165
1108736
760130
1374925
832132
696586
1370850
1310113
1684449
1784335
1262173
818163
658407
765560
790953
744014
1834369
1574862
2148804
3046047
15396932
1144336
1372068
2841511
1304063
3100586
1399251
2935128
844491
1911112
4155155
2681574
774504
1150582
1308797
1359091
1236656
1030503
1082008
1291962
1140073
1210850
973310
854651
1518672
864381
1110794
968231
757112
1519792
1022549
882299
812731
823378
1614752
838524
688723
1440154
668292
772587
715699
1595746
1446495
1334983
770987
768662
884842
1058904
804409
1520057
1369369
906494
884481
1501469
818679
1447522
3143877
1086869
2244167
2856539
3492218
1109961
1187267
4295379
1246515
1384855
3930102
7777001
2234931
1632487
1397277
1199252
1319062
1300070
1454690
873269
771898
829800
1198100
682026
1504083
1412515
1342276
3183540
1874409
1991002
1891470
1020793
3301937
1249468
1233279
1581830
3420195
1836796
1368271
6199633
2890077
3291004
667442
1131994
1099912
774118
1220256
855491
851334
1120880
1228931
1513264
1442472
1287600
846609
810566
5242770
1668258
1307660
1347329
552910
813174
799031
598942
1239138
1084259
1056098
1039721
1278280
1025683
1116124
1951624
1218623
590375
1166468
864772
1742510
1699046
553570
1598973
1768274
1707223
702646
1211404
1880223
1875350
754210
1687099
1033679
1369247
748683
1321107
3842445
1038207
678781
1271806
858710
1631736
614935
1446798
1522003
1318821
1235614
646120
1610783
1569402
2010176
1163802
666268
1189916
1791185
1440612
1759064
1266471
770536
995547
1420064
1481561
5444050
1453751
1333225
872786
2319604
2824759
5064683
794347
829365
2699712
1292350
2267909
2064425
1162198
2664937
2017305
2665318
1145393
1392023
681199
878612
653210
804627
1315872
1087758
1027605
1310293
1304254
1367862
1381256
1111387
1019760
1232432
1362920
1212585
1483250
1314724
1296952
718004
1175699
763589
744955
1276928
1164611
690578
732307
856770
1391961
675432
1485674
926205
1255607
983005
778813
2102110
690708
600264
1053625
1266840
1584313
1382273
1158119
1121965
1099896
730977
1119713
1072463
1134858
1079176
730354
1217688
1252076
684238
1137080
1240165
980098
788105
643266
1063044
1112276
1191314
683566
943402
758794
757898
684944
1114283
938329
893378
779217
686597
894104
688437
743904
578828
1486390
690023
717488
3257744
2047833
2004592
3037004
1956456
1255893
1617606
4755364
1998782
2993154
3242088
1406108
1167540
1803457
1179808
637420
1674119
1530912
935206
1131943
1085714
751736
1782680
1275368
1492687
1604797
863917
741129
1640270
1105693
986867
1115263
586994
1283467
693168
856976
1331313
1151171
1123763
1344696
1278479
1656882
4781370
2437319
1288435
1242091
2223730
1165729
1265705
2900961
2263615
2501804
1116346
4403455
2824359
1368038
3838147
3971962
1225970
1949655
2912692
2834523
680004
862344
1488058
1744793
1504369
746289
1164641
1265102
1496487
1083464
1386132
733424
762763
1173872
709128
1152153
638448
846536
1283383
1525771
747531
5562103
2943725
1810364
1036110
1120390
4313574
3232940
1061124
1885870
4738540
2238727
2492543
4989133
2115926
855376
927496
1037656
696061
804072
803584
872985
679620
848724
742219
1263594
1279301
753681
699867
1251716
878451
781215
1140789
691282
867563
619602
1277177
964623
4698281
914191
840192
611557
843082
1143811
804124
978772
692344
1080286
769962
1106580
845428
1180883
1136923
900282
1241055
1098049
1065777
1244240
1048378
1139716
950230
712701
1200394
1182744
1256902
892376
640203
981673
689892
719838
624797
1212927
633530
1670806
1782002
2189153
2486033
7830372
1851187
1325185
3447349
2964497
1327931
2147219
7109696
1568698
1438032
1977977
8614810
1079092
1890496
1957096
2043396
1107461
2457397
1105877
1137908
1942417
4191084
1410040
2426644
1083446
1204560
1283460
635661
624496
1282201
1480885
1381792
1468311
831614
1476434
816554
1866573
1202820
1198776
4246473
1733230
1083070
968155
3011900
2104171
1068931
2865650
1260654
1910899
2764564
2643990
1349499
1651878
1995738
1390187
1586248
1566581
603221
937952
1179251
1127340
1012470
1025186
925527
944465
1727068
728842
1701890
675097
1406318
1359067
1490837
1008168
1988140
1768820
1901136
1245322
1351048
669493
743525
713574
1103184
3226063
2119750
1428144
3033518
2049886
1317553
1577465
1060878
1986776
1916786
3177908
1651903
2053509
2078073
4569322
1998129
1351742
4921735
1567722
658569
984237
1156975
1119889
1031292
706966
996199
1413444
687277
904288
793402
638954
717986
2543987
2865492
2473539
3787214
2168274
3011680
779656
1392855
3034439
1788650
4176335
1220578
962071
769113
3327764
2323810
2001355
2088660
4956834
1191914
3709968
2621986
1074702
3293862
2068373
2455560
1215585
1085346
3223538
2881409
2124024
1785012
1281967
1876940
1316307
2817163
2036208
1411967
1954463
1189828
663691
1330509
686995
927179
824545
718790
1073557
1115886
1056048
4112279
923115
1351467
1220049
4607019
2364363
1995634
3898596
1555990
1205915
1813106
1503452
1190444
669715
3290086
843557
683836
749852
749432
679244
877218
725884
1156255
964187
1155848
858232
1242311
886196
1509498
756143
1546821
1222201
944463
1416669
862168
726209
1493271
1419291
1107948
734987
900572
751695
1174616
760845
1478449
646417
966339
768585
840167
861780
1463093
2981192
2096665
2810155
2825509
6771651
2510079
2051677
3288085
6697120
1762301
682548
991854
1120169
766774
790944
1061681
1024001
1107611
954406
1408179
764846
2891138
1201525
2443415
2121118
1431681
846336
963471
959860
825719
2179861
2126466
1535204
1979593
1267519
1985413
4174492
1326345
1044636
1815034
1302830
1845566
3326564
4430347
2484964
2809009
1277449
5719939
1345037
1378089
689322
1252163
1897534
1437209
1231537
1031314
775041
1008948
1632778
1261339
1155615
654561
685562
1459022
1400664
1545272
1053271
855059
1337339
694142
1357120
5064565
1244978
2445934
1162976
1534518
1522157
867299
849097
697399
1209443
776018
1123079
1125434
796060
1310301
1308712
1902612
2029961
1394772
1212787
1973489
3163427
2923762
1880379
667289
1179740
1242460
697515
834519
723112
616407
546051
648381
1800890
1422402
1861294
2928841
2851409
1905920
2930063
2405911
2170418
5645192
2566542
1206811
1949990
1062581
1236977
919179
622404
890370
1697963
581993
1350742
1200639
1299495
699427
823603
747693
1418654
1319144
1131792
909097
1496012
603098
851078
528067
2268970
4339621
3728607
3270476
4112866
2026529
1781917
1710439
3014232
3339092
1830747
3446821
1249719
1323226
2701518
2147312
4199567
3201415
4020025
2303606
1378731
2539938
3836035
1171927
1919028
4174053
2248693
3169949
2118762
1269318
2845855
2461974
6411227
1117126
1949179
6325134
4378682
1903109
1748847
4132242
2879570
2085045
3089437
1274936
1904488
2808494
4670494
3377703
1051774
1069326
4029563
2343944
1890789
4554674
2536531
3407411
1632894
2539791
1901834
747021
1652391
1626026
640135
825899
1186487
699987
1296429
1244870
782459
1297201
1452640
1961628
1885147
2583326
972135
1188209
1834152
1999906
1155426
1203848
2169381
1112030
1929369
1111130
659720
982988
774523
3063292
1164284
1377759
656758
1088596
1139755
699803
1081235
1121337
1148666
700658
1013152
1123233
4350421
2062604
1008530
3492910
1373929
1985331
1017855
1170054
2914223
1025057
4415576
1002536
972923
2228432
1994677
949396
1089830
3046086
1114830
1493476
1373184
2938810
3405934
613070
1800568
1057243
1361189
1884384
4411255
1078241
2293572
1302162
1250004
1511804
2521724
1953934
1853733
1992420
2600448
1226848
788124
1229609
1162546
1270597
701065
1693145
1279350
662389
1420786
709843
916035
1320900
1359052
1463200
1254460
1261597
1302673
1140741
1870020
2017881
1849306
1891894
2005940
4144667
2237315
1932796
1701783
3469337
1573891
2217195
3645970
2027088
868329
1391778
1572570
719295
764285
1504668
712924
1658075
1738496
1658666
830741
856660
1234604
689169
1119266
1159260
1070191
1367881
878111
1160366
1126886
1049166
827159
737358
676709
649925
10453809
739297
1020586
694530
1554931
969789
1198202
587939
553658
716760
734836
1022017
776622
1216084
1829483
800830
1290438
644372
1576079
985746
712631
1165537
795817
1049937
790759
1394877
690896
743291
642736
1118990
632554
1084420
1107831
1034067
1123465
608905
1207530
732234
715425
652704
843966
663112
618437
647735
805389
1794464
2024381
1758845
948077
962677
3406535
3171465
2581138
3840248
1617098
1207504
3121882
3286342
1970997
631537
1833677
1523850
1712363
1747115
1163096
1071826
768969
1792179
895885
1228965
2313079
1094063
1712209
688663
1360171
707336
748304
1431676
769343
1055351
572905
769271
823550
1344914
728171
903572
970762
1042308
741838
1168906
1098697
651728
612828
1291079
1208893
917390
1233989
699119
1174000
1176941
1350799
1218894
1110265
1445760
1071606
1174832
709619
1033640
704611
1088985
700882
656915
631725
686689
687326
786096
1136615
663342
715834
715107
713572
1215601
1444803
1236032
1360336
1444199
1307165
878851
708237
903907
1766440
855265
1130335
1028943
1245017
1122144
1360453
1355218
695338
1261888
749814
1773381
791388
2067798
1025961
843555
1626200
1545589
616716
675016
613644
571946
661890
2016384
621393
1811983
730902
1233193
626204
1713702
754758
1251785
800316
1713288
726327
610969
678722
832180
1039976
682828
567039
713733
714008
990695
856139
4207044
1813196
2071341
2267363
3206396
2009516
2350051
1988155
2289105
1804653
2065514
4088919
1880934
586731
1318752
721916
784805
1392444
1352967
793230
1512468
1317948
1327259
1302113
1228555
1538670
1381380
694806
763514
1239383
1247904
554036
1574559
738673
1489804
768345
702564
845549
1169499
998582
1139620
757566
1211492
5117485
2041303
2291211
2198148
3176566
2061774
1894488
4504386
2519475
2668288
1196552
1323686
2383420
876006
1051749
935191
786202
811286
1221844
675809
703912
834844
704928
1038160
984567
1081574
1136179
880555
1079204
1291554
861788
662218
1174851
686913
1120104
678498
1033096
632764
1051686
1047661
684019
915607
1567472
1382532
1373440
1435310
821677
1413710
684009
653762
730538
1267153
669718
724774
1679899
733649
2109854
6306341
1277747
2190456
3518797
3195791
3279757
1475618
1070363
1132103
1841492
5073485
2608737
1047261
1040157
5478496
2162190
2203529
1974779
1184047
1845611
2546412
3186101
2946118
1429001
4064337
3282463
2839881
1530852
4616377
2108340
2689174
2151243
3448387
2779463
1988134
3690617
2863357
2969606
6192076
6916602
2054302
1880057
5022947
1847185
2531347
2268976
1981621
2272886
2004404
2298065
3677211
3153479
1842371
1968403
1908071
2049617
972246
1200508
1189664
1159704
1572716
1400054
1087651
1212696
655658
981298
1179491
1144480
777810
1372111
1306438
2055466
1703619
1797710
1278682
1202896
922355
1901094
1426508
1145480
1657371
1555101
1325093
1229384
1857480
1518038
1309030
1805500
1381897
1280751
1282255
1421723
1296582
1704225
1416124
1448219
1304284
696644
1671302
1335099
1434484
1573062
1407006
1786512
2035197
2179260
1864276
2203812
2339615
4566155
2260799
1677255
1296062
1492297
1675687
1537161
1227654
1238995
1197638
770906
1160761
1551727
1025994
1107042
2221713
1232291
1446265
2013823
1127978
1563626
1355313
1487087
1432848
1275899
1018949
1375475
1371174
1107392
659189
768946
895685
1545230
3192002
1952653
1894470
4486204
1554257
1044458
949719
1119427
3336337
2784339
3184061
1777474
2617974
2337984
1408263
1349304
2066694
3637826
2000676
2742068
2018201
1079582
1991955
1806718
2819035
1998690
2159786
2524154
739415
1181349
698909
1137742
852472
1167473
651042
659959
622211
855244
655361
1301512
1279102
1128176
820110
676292
4514465
890373
783654
830415
978171
988016
810898
785417
833290
615036
806283
962902
1631615
1915709
2238057
2193933
4960513
890242
1733577
864510
859032
884829
773557
686683
665939
957393
845436
2593185
1113476
1052776
4943351
1207274
2381728
3391491
2304370
2546842
1193800
2191573
1461897
1481585
2346323
1209996
1155303
1270423
1860652
1692856
1072587
683035
1486621
1209124
1219193
1024307
833840
1088122
1077705
1210270
1194925
1221596
1375848
1298661
857734
1065802
1064122
1036477
1067076
637041
1086746
1036354
1959803
1156483
1071396
1516278
1160137
1481492
1042884
863804
946127
1463641
758123
848608
1407181
968914
819501
654641
912996
1083177
956787
1789143
1146950
972605
1952634
1000388
1086766
925445
825130
976674
1139555
1132715
2453007
1897307
2097587
4956266
1166889
1481948
2169607
3562196
1184529
971600
3445727
1632162
961338
1089828
3011558
1159252
885967
1504950
859037
847864
978507
768168
994091
938739
952710
1044696
1555643
933034
715879
673928
670697
1508383
906732
704054
1085195
711758
1023235
646152
658828
1253920
695778
758804
882855
779471
1543010
692383
1553404
1452937
1128669
1391952
1349447
1547983
1031941
1113947
641578
2045064
730732
1732912
2020579
1880245
1326796
2645572
979888
2602654
1976683
2083826
978893
1367141
2297168
2038951
2860883
2837531
1117609
1579551
1206901
1712234
748270
1473116
1675939
2298135
1319781
1628280
1198201
1005169
1108854
1662611
1160780
776424
1389918
1104929
926061
1908767
1016354
919418
1883507
1561698
1382865
694930
1816361
1275282
1858326
2224172
1997998
3152937
3092533
3133267
2103376
2472953
3206295
2984140
2671658
2069310
5384220
1378872
1055851
3100855
2132745
1877641
2031830
2655976
1461429
2264293
1257370
1884396
2092259
1816713
4891139
1817610
2068759
1413201
995413
1399161
1244207
1189446
581814
1630612
678758
1054824
1207461
1498497
1661889
583879
861246
1152596
4857067
2613298
1067725
3798300
2301414
2004574
1426688
1355308
934275
1276363
2178959
722065
730988
1399209
