13825344
1708169
1875087
1958215
1563302
1515049
1723165
1530929
1511062
1847433
1415451
1354526
1817602
1347115
1397735
1446169
1373881
5290482
1277736
1340756
1407444
1375142
1485990
1419422
1312474
1684910
1169410
1174257
1178586
2320272
3957369
1277655
1375902
1415089
1591508
1210644
1247372
1270316
1607840
6639006
5063928
1793344
7038391
2650409
2690709
4020975
3491079
3726176
4281766
2202959
1277068
1436276
3163253
1222064
1201725
1093714
1243262
1182377
1026156
1139609
1216710
3771663
6275729
1237046
1162826
1206168
1326058
1269453
1628294
1222617
1145816
1234900
2934412
1193970
1087950
1039480
1060254
1108636
1185405
1086497
1035528
1095300
1040756
1090089
1153569
1054969
1453324
1147306
1070756
1088035
1047856
937105
1368700
3209399
4246816
1029566
1027348
7090252
940325
851060
850257
2036889
2021951
1919321
7061745
2323639
1932527
2179459
6676123
1886706
2997216
2803123
1622595
1843300
2310629
1939987
779939
2330425
5912346
2160527
2033741
2229511
2021655
2681077
3222164
1964745
1906891
1965015
6721803
2091502
926180
1073319
2031660
7359657
3652450
1138100
990512
1014128
892582
1012454
939561
884633
908355
880685
901516
972262
919662
923589
810025
919688
944061
864522
1187907
1416646
899146
864607
1019752
818516
1959034
3415615
2527829
1701423
1753599
3552524
1651998
1687771
785698
1020105
1266678
857016
991086
1217106
898839
1200610
889480
761539
869459
898490
1758141
1577261
5741741
1804351
1675870
1771135
1761026
899835
2220412
3679791
1693118
1720762
1702938
1814250
3773929
1454508
1769021
1726430
1733753
1422830
2938343
2627386
4079003
2530334
1081202
857408
826152
845519
824479
1229822
2045068
14478190
2285470
9719103
1834180
2979213
1998365
990760
948229
958844
810333
817977
752878
731411
870938
814671
819861
852828
896440
836933
846883
1765581
812425
844304
826114
835537
854982
843390
1027241
898660
1622282
780361
837031
764043
706674
652935
792493
796159
777766
700358
795528
771064
872479
1103759
1390656
1061561
768791
6197887
1092241
776736
954341
944454
1241447
3292480
1952612
1924513
1614254
1849935
1749342
2874200
1662723
1744830
1876618
7773140
2246410
2003332
8336680
5002771
804161
769364
1119800
1236408
1538209
1554624
1139347
1376923
1153514
1949662
782447
863974
819674
869370
839709
1633536
813659
926128
973216
870459
917998
962902
1101094
1099226
1018644
1185691
2350123
945366
794060
831638
1079765
947377
1102461
8716646
1054074
883904
1067530
1070898
768175
808971
894026
921372
1106383
828423
780116
937659
878557
844092
918535
1255474
870990
797483
718892
808001
869418
831719
889052
972093
954283
853896
909481
913368
861286
1030836
883517
893582
793313
1142190
918913
969148
1201360
910974
870817
1217629
951558
887304
852880
948708
870758
803381
840504
945300
847806
761456
843388
909288
897515
946704
683114
782423
2654390
721354
22447631
900281
856677
795629
774589
632286
771349
834248
7489446
820120
913548
832534
800589
774360
715588
903283
886433
923086
814693
876212
822460
824886
896065
776966
779050
819683
839959
695050
875070
875902
848991
819528
768730
889987
832171
1175687
1025460
907256
824628
786105
948913
647220
782335
850191
858736
719531
858368
785237
9764120
783437
880503
938121
821609
924407
710000
863585
871740
877156
881892
652238
902166
940052
1036952
814562
911463
791447
796346
884577
975286
908822
817589
801974
917394
836217
911774
1226140
774208
1814688
827669
835337
909251
972616
815337
806238
754944
833789
854828
1269564
797653
769147
840984
875542
776385
1135552
904035
663452
1024367
2091323
1261970
1185015
2825672
1086003
1695839
1206753
742033
638086
1123793
697891
740833
1073065
808267
877230
612446
934883
734247
770336
705964
679971
940788
839189
1393611
710992
829360
762170
714634
657228
628407
25278675
1983248
2149195
1203624
1731131
3037616
996442
875649
680420
744615
972554
780577
15467802
692769
1647057
1174076
678170
1481595
2957216
17260190
662747
807019
638083
580886
683963
790016
684667
790818
678937
5203026
616729
551571
1417443
772169
1462780
790112
764478
789677
760475
730347
588388
754547
756481
682842
601963
776456
644498
675953
650659
662803
752412
806656
706722
756372
824983
813089
791431
728292
764349
796397
784695
742800
757950
680528
818258
773932
1052221
618967
814300
735708
697040
704275
682461
738668
653316
706505
1002313
705401
696424
629491
530646
825629
791857
785417
853458
842033
897476
877349
701536
701304
712328
827527
690480
692801
1203856
1353054
732944
716785
1125723
725185
773681
813438
952489
1121781
705358
1000839
701226
791958
720492
900955
730446
758204
673783
1003281
675100
863918
720812
1343912
703475
713377
1066220
1047287
1055634
1095386
1119028
1242150
1041227
1230893
2970786
1216358
1200110
3494793
988936
1170334
1319346
1024574
993722
5967085
1038170
967479
1162082
2937535
1072826
1112845
1143588
2752319
1017724
939559
963394
1031674
1089679
1113124
2656256
1090231
1279165
2589123
905112
783456
1315650
995121
1042257
922809
1005422
1047933
1107883
1114453
2720053
1584470
1231025
831643
1189569
1053886
1210740
1105752
1310912
732040
949699
1320777
1009167
626385
999795
889376
1119178
2778792
1133517
1205925
1068430
943948
1082448
25628795
1125522
2477932
1049101
1393451
1509481
1670344
1250277
3114280
1251252
1279670
947826
1592275
1233567
1480889
753389
1256847
1201801
643449
1098207
1144120
702389
799502
916383
1085575
1355462
714611
808668
632053
709963
731847
1289803
1078567
2376882
1711125
3707025
16828096
1177507
1461418
1104545
1321424
2671000
4065119
1180630
1254638
1122266
1121006
2083512
1406473
1094204
1089139
6771396
3825317
1318831
1295618
3425567
1319342
1196737
1304224
662762
771552
641979
710174
1481149
955916
881175
636753
753578
870558
2094989
1515888
619824
829422
796689
782111
669096
592790
3175496
877260
891271
683787
649992
846306
827094
1069543
890661
1213064
635454
651335
756459
874719
860271
782967
803627
628414
1138231
2772647
770762
776348
641332
670469
638297
632267
631374
652769
685194
1587621
1914822
1095174
650242
853308
641627
938040
662428
759642
3774917
648509
2015450
1404510
1292892
1726356
1289480
3223560
1703210
2387808
2080288
1321752
1290765
1271978
1332939
1158319
1525740
1434165
1211605
1246145
1807343
1789618
1503174
1318267
1791913
4062934
734295
712885
1764524
787386
1457395
881191
609817
514065
653076
590940
1150142
692251
770008
1846636
624113
1027187
3232786
1776568
1033450
833117
693858
662391
654850
593932
650735
532522
1048979
1724121
1127689
1362287
1420244
1289305
1433129
1040562
4239514
1011381
931451
2518914
797375
1035193
1005882
962417
975495
883012
1002074
1048808
1122155
1031643
1047196
6915124
978580
634008
676757
697250
680764
1031329
1374166
1068884
1018660
1273566
938613
1006797
935115
993516
941339
2372728
1042602
971120
1016671
1513414
1080247
973684
831607
995138
932111
881891
1012209
953753
935913
2410979
1009188
992032
849536
1176943
2851179
1194325
1076421
1069892
1151364
8828004
1105079
1448248
1282168
1019002
1217192
1016825
1135731
1333275
2826762
1122338
1946338
1059964
1331421
1108031
819865
589328
605552
808076
875519
742338
611650
631519
658940
637052
628850
642192
842840
949365
676996
727525
686260
609501
666942
638541
701942
716778
693571
708925
674116
693820
686063
735306
873934
660354
910019
610063
558788
786620
768796
1373129
595296
891339
737892
595111
815335
590221
762071
641091
984584
893748
531165
577613
602803
659100
578634
751761
610213
1175947
595779
511710
450606
627013
651718
528146
618065
750341
631626
618542
521985
576175
692504
545330
615387
482607
605215
682522
605358
684383
600021
710060
801245
619165
888190
597285
618400
611445
592439
456916
600226
623878
577942
490800
736267
621512
622410
622668
603682
556426
577754
498393
600677
707188
566769
1016896
1869294
668032
1304014
1401750
1562362
1000714
4082007
1371996
1255166
995054
1350027
2166755
550058
1176986
562325
725958
691560
862513
679935
683316
981902
793916
674149
679635
671105
867986
1459573
764440
715192
900350
576701
564320
579711
568389
543282
543278
614646
526265
603210
792395
634233
941007
1183090
996749
914890
2489263
995539
873361
990727
3100914
1454485
1045155
1600570
983024
985214
754139
1006049
689879
664322
971807
695675
658085
666752
568965
924786
968995
851574
1085291
984858
971378
940534
911031
851033
479234
680318
636506
643078
684442
662171
807791
905917
989736
1173446
3212941
1194161
1019419
1391125
993952
1017967
966952
980240
834733
2638266
1111146
1097538
1014282
1140521
1730846
1111955
973882
984894
933995
977679
996756
990382
1142994
2578371
865863
802769
947200
1055465
1174660
930984
960200
880560
898051
1046855
1028533
741644
1032543
2460233
971366
919881
1262577
1004424
941151
1051147
2803195
1390352
1033469
2949868
994941
976887
1092430
1052933
991155
1025913
1393077
1497673
1180760
975506
2064277
1223308
1440789
1043279
980700
923685
999902
1117887
1046480
1007630
1222046
1290368
1467127
1205588
1370620
1032221
1829138
1098162
979360
1991485
1015386
1176149
1405124
1573017
1419164
3362377
1038231
1621238
1029247
1021855
1064097
1478275
1215379
987752
1606951
1071652
2873243
1538576
5289981
1238687
1039680
1019986
1289574
1778708
1027965
935495
590066
686823
669000
683906
785697
1780224
661949
629752
648231
684592
751854
749570
623881
1355820
2927876
1066683
1072108
1871655
2701636
1085805
1026250
7890000
980580
1225940
1042845
1676957
1048098
598108
926388
635955
599249
555712
574402
611947
774480
905041
637781
738027
672432
591301
639331
631596
543552
576380
590837
1392831
1657760
1156467
1003609
679881
775851
696040
1213916
776085
707323
732632
606685
575607
710469
572734
712659
879126
596840
726403
622623
668277
1391105
648147
678822
800760
761180
630230
610030
613638
980792
1284911
1596238
1714622
1223337
1216993
1247085
1245047
1322800
5871904
3238455
556583
570086
646556
556596
991583
1125237
1223204
2710220
1226418
1761437
1251325
1284011
660802
1039567
687502
724463
735942
1085136
680550
894125
716737
616497
848339
1110352
669495
681036
664158
679867
1609394
1209305
653244
884400
724064
798393
935968
765062
1218904
601784
594879
596041
598351
764424
601644
664300
583981
619428
1038777
846886
625061
1024861
697392
619046
722541
580338
624220
1077141
1258972
611262
560444
759536
941405
1425330
609786
972175
2725244
1339872
999238
1006780
2867920
1004218
1221892
1052000
1194998
1030093
1199288
1372471
1196619
998766
1003809
871683
630073
693024
633064
718011
656474
719861
823945
696463
735143
800416
733478
2117311
703534
913021
681866
748667
674330
661038
718923
669159
642539
751785
677905
679571
640188
2042309
754390
624704
1013481
662834
684583
702911
682306
694973
585897
873843
573669
1056324
621329
984355
1697079
1542301
1232708
1463128
995890
1297816
1146718
1234683
660671
591680
620275
1103948
619274
1011938
662139
1015659
1226390
777773
1051107
714701
563149
633806
2719357
2649831
1221227
1307792
1031504
1184164
1557656
1191901
1274383
1017387
1006647
3937247
1022275
2897174
1054424
703564
881590
697109
808512
653131
628807
1841254
1400016
660502
636721
1095009
787222
679480
507400
561495
683195
694150
634011
725957
877606
640461
651297
501317
584246
674986
649474
1184423
706960
631030
767117
545406
756150
610401
593680
563506
610666
598502
518469
1180059
575317
696950
687715
694772
772103
611092
714555
733904
612767
679656
699686
623694
613411
611682
618918
612089
606015
650238
679939
611507
609982
631621
632554
629476
622221
1089583
1960355
616068
1426454
4083699
1137807
987796
842159
590742
654328
1178511
607136
424082
553756
566971
434992
583782
547827
757743
593165
730735
457198
582284
495529
524315
445009
555121
614355
510711
622002
554446
528194
671495
583529
445763
553742
609620
598848
560916
592220
578958
601838
568899
667947
604526
577415
907956
666629
462009
560908
597206
494637
584252
975308
710348
819087
619415
433381
650439
553178
516366
607250
509576
559629
1086172
657617
614772
963411
1077606
2734563
983125
954795
1102983
1421909
2768286
1634088
1328655
1125514
890868
917245
2799811
988736
894527
2522354
804259
984272
963349
972132
830259
915704
1108351
1022329
830498
783119
2674863
995339
894757
2500279
1046543
1250392
898079
993232
768643
951809
704194
533688
567011
652742
720038
623101
496629
478841
654444
621579
723472
511278
598031
700495
669992
674365
658995
545244
1495544
948991
2619868
1002526
1129997
1067902
1198757
1061311
1236413
1165759
989565
944225
1011415
919264
996459
1027083
1106688
1178509
1212917
1225929
1151409
1089602
2938752
879055
921839
997673
984712
986856
1192142
1356078
1148859
1023010
991053
1004365
1100689
941210
2565007
1005564
988839
1019696
1022126
1034476
965652
918947
1284307
1047163
2633862
960851
967612
886528
2669172
846592
1168225
1093165
1000625
1030083
986094
1022157
1198201
1032827
2346746
2272700
934832
925250
986515
1020689
903852
993774
1012041
841188
764952
1270754
1007609
936442
2459968
951468
1013748
863109
859214
893424
1004276
984182
1013702
837288
1021886
1120337
902408
1065639
2381350
923852
1008496
884019
795509
2704648
960597
1021314
1031603
781430
1011292
870872
1247782
795312
915664
910627
1005203
807279
783076
2576022
939804
1172424
992596
1046653
986454
826579
1017424
807242
857526
996896
1190746
792040
866148
921370
960694
806931
2702554
1036388
950258
1023289
549984
571078
575273
590541
677275
441474
526704
596878
603494
514813
596888
582520
737848
600216
548767
970482
999060
1015351
1001613
1143070
1039016
1251944
1026161
1072885
1055065
2260329
1784172
990725
1368621
1332579
1126870
1238766
1085210
1192712
1400972
1040213
1173695
1445222
1813184
1032705
1460324
932714
1070593
1092048
1100601
1020817
1227845
1341271
1049013
1021952
1028496
2966381
1171793
1620386
1103101
1013900
1031226
2818014
1044700
1020436
1627587
2816149
1167152
1243396
1582950
1075831
1085652
1109503
1495641
1423539
1163308
2718222
1105494
1118055
1170381
2085889
1176737
1078769
2844565
1040161
1026767
3199098
1575847
1033119
1056382
916472
965636
1083343
1166149
1093367
932614
1607741
1212148
1229833
1007909
1062477
1036258
1122527
1225671
1111240
672611
622432
618427
1532032
621006
776446
612672
724458
1476068
608481
600280
593487
654257
566542
576861
615900
646072
697300
628249
732757
633833
618689
679455
623588
587746
713017
718931
989599
614069
688094
616892
1933094
752269
600962
578353
678018
654639
1537488
595616
726045
479415
582449
528222
717282
602335
589303
594798
574670
1284728
615963
677428
664920
651192
592059
623359
679507
673700
780897
585788
639149
649731
773970
485068
550209
630795
999582
511346
490152
580995
554697
517043
471698
671610
648317
659338
500336
468430
602981
587928
507448
661371
604261
601860
559073
569434
639876
993457
1031710
1009651
1051052
931625
1000291
1200245
1259058
1232544
1147252
1342938
1105143
796981
740378
695260
805963
640505
638795
589880
606467
672977
557341
574068
616134
565502
516201
539823
592144
574778
535599
563764
551091
588275
637532
577356
426820
589688
583197
577028
544106
592081
716564
599696
589598
565235
564143
935540
1112127
1011978
1021357
1257775
1307807
1053882
1221781
1022797
2761737
2091436
814352
684388
824592
1512716
692974
814277
1647579
2466717
727974
755983
665200
654413
586370
641552
908814
709693
633531
665076
800347
3171707
757545
675846
675844
646681
983465
1581807
950749
1009744
916118
1048484
988043
977148
800780
1747259
979764
990690
886747
2481696
986865
1014124
1147129
1176586
1614861
1320642
3347341
709571
603135
807264
1908578
602716
1401536
968668
599964
698273
1218876
642738
857123
679635
602924
558123
604098
655860
823447
552580
1754628
612645
573350
638801
440068
610561
575449
699439
1215052
842759
2788327
2534947
1129175
1524631
1242175
3200147
1505606
1682717
1283599
1108624
1358871
1139095
659209
604256
811086
596130
1080807
1035490
765291
583136
808308
608537
664265
567087
529204
609887
1199404
1169463
1016479
3489442
1338228
1258049
1679287
1031695
1567501
2554545
2606235
3067717
1101213
1438383
1184320
1081408
1458992
1720185
3749284
1124022
1179352
977437
861872
993193
952748
3513082
922889
1084381
531893
598734
656303
419480
619617
587268
576868
599107
753205
727601
669304
1057730
1279181
1435685
1102138
1282455
1176141
1576786
3698005
1158658
1247765
1041130
2662303
1506928
1003678
3524222
1055208
1010876
1045429
1146504
982227
981951
5152621
985637
2251148
1020435
2477272
977340
905724
1994459
662091
634921
618914
862440
990387
1398380
3494553
1098140
996617
987974
2498074
1026273
990555
1312457
1000806
1144033
1047749
1036334
602781
655765
830666
610377
615540
969861
610668
681794
2043963
760318
596833
1020176
660622
601047
587198
808128
709776
587803
616645
584265
601627
654074
594352
603764
617657
594514
703766
609508
609875
574253
544081
567941
606630
632520
736098
581917
992714
997102
2740348
1000536
1224134
991444
592898
624554
563147
681317
591554
597263
576988
659262
743116
647406
579773
668147
714617
804335
3188177
688213
3234048
838782
710699
728891
1021797
680204
956135
658895
616435
665305
673017
707970
770530
596201
566086
1073383
722147
731900
588918
798456
605730
721422
692450
1072680
1102430
715571
599482
1551163
655083
595306
578528
469222
755463
687008
586688
1272766
885350
915731
984829
1010420
1075155
1005339
916086
2561558
988926
998284
998198
2463290
967747
946708
1452241
1222092
1146726
1221955
2387465
1633687
1186528
3218255
931328
1028801
1081111
1035031
987514
1058392
999977
1042011
988768
860639
2477258
991226
1259093
2832641
1256249
1049374
1121902
1026525
1174941
936235
2533103
976521
1336068
1034478
2934075
2198787
493252
668864
691529
593147
583287
789468
586388
648385
525214
581902
657370
669747
663279
697733
639690
594593
671138
593466
609814
632587
605542
608332
730964
627621
613143
626632
2487023
2623507
585195
597313
1266163
590759
602937
621379
567897
552019
553555
637365
602169
597625
602129
589404
584783
795542
617878
549192
576949
592168
984663
975256
860933
2536354
893982
1057415
802383
1226665
997935
639039
642149
565476
662308
641079
933958
1777366
1146602
2751836
2481038
1387423
1395480
1226455
1614279
1357827
2582373
741281
981472
977867
976883
945108
3553409
2685475
980165
966296
908066
2579884
984452
907733
2820974
982767
977472
939318
978379
841945
918009
2663037
945825
957537
1042475
2626493
911312
870540
2495146
1005556
980362
877312
986950
1108830
909197
2524319
1244619
974806
1045405
2736175
895069
814380
994259
1069818
1219686
882820
727627
937003
952648
906537
923756
2487046
1011880
906022
2474619
778016
970724
992041
876791
954379
923816
925566
2646357
1108639
840994
983715
991046
854035
811308
2569818
991959
968153
827498
903992
983819
903326
2538399
1040058
998314
992651
1016779
1182566
1106664
2926766
1005601
1011559
890435
2591459
958028
976364
2686880
840520
974467
1015831
983791
931541
878657
2702406
989644
897715
860640
2531473
961285
935582
2580705
975715
1131099
919706
975774
739526
937271
2560922
1242410
835608
1119419
2936653
953792
1006919
2717343
970231
950140
925228
971507
913748
1051699
2542244
991500
789539
860956
2547536
1155936
856037
975223
998590
964424
1363217
2356865
984503
944336
975565
869142
979429
1027900
980203
997124
753183
1074479
2545266
1272975
857664
891508
1117506
932384
951562
963506
1109376
999353
1527007
1024815
987436
1462544
3389036
1164271
1122986
1541926
990403
1060933
1027088
3056737
1032997
1039386
1227196
959871
997700
835093
2564652
1507787
924306
1257486
1159177
1117057
827094
3668639
1086614
4967690
1166065
2877952
1016663
1021359
2731270
1024578
902866
997745
2659635
942855
1009582
961166
1265307
3387318
1168405
5875473
1088694
1436298
3001761
3815138
1006691
913853
991401
764833
966382
2441953
928919
879890
933660
1700532
988445
910679
732309
2507285
984801
909306
833569
2430374
982720
938055
922172
772350
1169062
888883
984122
855009
552119
663833
598877
598786
522543
586653
1038913
1001461
2708408
990052
962500
914391
981551
776157
968499
2561353
990037
903635
966471
2637120
1463971
1248434
2550614
1149476
1106425
1118484
1415132
997622
1044519
2472012
967992
783359
1127687
2424894
1255811
992142
1006689
983994
993608
971455
981821
1213492
982741
2477090
853431
990403
976850
1003291
891446
1138162
1036962
2875643
1076006
1333579
1148068
1147454
1007666
972147
920366
985110
942244
1205389
1333945
978843
924999
2436367
923648
855562
911469
860587
773677
1830665
2587835
987167
671031
585568
964575
957473
792410
2551608
657622
617833
598127
1334563
701262
811956
2620950
833497
834478
565016
768088
1280238
894531
2790235
801141
903964
1051489
534029
475118
644314
536458
990715
909644
880418
2555046
552969
546371
486381
600631
638475
533007
580033
457760
532911
599504
650065
501083
660709
573177
967953
951626
2494475
986241
899591
898434
967982
1061898
1001877
2645960
1004967
442190
530822
559305
924957
888888
916422
585126
551929
520533
484024
551288
606286
565625
574336
579652
542768
603766
540072
492546
546244
694990
959761
865763
902284
1022831
986915
900205
897473
986304
990731
927545
959386
977468
948300
2580018
910493
777492
964738
994415
1118342
855199
2599460
999607
957866
857142
966422
972002
933958
2565114
930785
938510
1018171
986686
1265954
765485
2774819
979610
932616
871441
2492092
978046
864842
2508921
927936
988880
978868
2587789
867686
1012267
973611
978269
884088
775433
981630
930970
902881
883907
2660416
891109
930284
949106
953890
992225
1274452
2364248
861377
946387
962567
886563
882242
869118
2586940
973437
587581
636761
646157
664927
590500
575030
541540
687872
683512
1093673
1153426
1631919
2129800
987235
1522045
1180213
3219605
999596
1676386
2582050
1194502
1187258
1867270
1690311
1723065
769166
638337
639930
992399
599231
2348245
959294
906902
2310269
1001704
932948
958748
964170
939122
1128781
2460452
4643938
776363
944354
2545010
957693
939465
972842
975125
733995
1104003
3092606
691181
1067841
1124651
3020481
990826
1051140
976893
970283
809823
954122
1193089
936882
953970
982918
967712
2427661
998825
443418
551827
601233
589633
558641
479875
981877
977230
2482005
856398
1027341
929647
1072492
871709
552443
568296
581608
528444
614716
591657
573264
510273
539175
622679
1265670
715830
763801
788840
909479
2560998
973587
853729
980861
3356181
1077356
853498
3051753
1049655
992962
941596
958485
922295
1001828
2542204
877545
861127
979348
958806
957922
835142
1228029
2626758
987239
948577
540334
591100
564223
594356
865543
985222
1017820
971890
906008
883296
996320
2568511
3683657
557904
546585
602083
569907
535445
503574
597339
589927
585004
954743
1008750
993017
2446781
983252
838040
996219
982534
904378
849594
2677353
1026955
973489
979299
1659162
1362704
1371264
2944204
1045582
1034618
998787
2196990
2454086
835677
2420607
996166
1015556
1011603
2856632
907256
2204625
2505802
2026598
997774
1001511
2394051
975505
994422
956686
1576076
1017826
1134646
1045524
989512
1006048
2494706
987638
981580
986962
919484
1016788
948510
965912
2521898
980495
1000809
1000848
1034667
1098179
998855
1108245
1025739
987657
1014526
2637436
1022619
1274663
2888326
1033108
1069303
1112842
999617
1010871
1005336
4809769
993781
1011288
2436662
1004229
993828
1062339
1797289
1576729
997805
1062192
951539
762578
991493
2405373
938094
866232
1461522
1101044
961210
961739
926934
992313
981256
2011193
1006565
1415836
1213919
2648848
1038553
1094722
1128987
1249326
1005567
895429
963291
992683
1023453
939881
953543
977020
1140330
2459035
934793
1025083
958739
1014480
889948
846952
947638
1173417
994093
929227
939564
985045
878194
943573
856868
975558
958536
996880
895865
958444
2463217
1052696
877610
858753
1017687
978695
902224
940617
2568868
982345
1037944
2673954
844913
951335
981371
943314
852837
1010432
991917
967967
888575
1017008
968067
1072398
987590
1282755
1365850
1007559
1325405
2532055
939789
995015
988001
983313
949957
992295
989236
980178
977077
743483
2539801
1015036
973154
2699362
1008172
999909
1025723
964825
780326
989723
1217089
1011466
1144813
1169764
995712
981577
974811
919904
1009850
1104546
977337
1090720
971869
1011193
1284785
1124557
1326241
765178
683326
605924
602778
616334
598035
625838
701742
1053077
1398067
1075512
1193651
1172572
1101935
982518
2718608
1420091
1078845
1030257
1394841
1225743
1275021
2321906
1198014
1125119
1008849
1251870
1107118
1045583
945342
554609
674848
685555
578310
2323226
667069
636900
615017
523863
550752
882218
980943
972426
923995
951711
982858
931306
980692
861840
1002851
972513
2552243
1221397
815873
1106243
961722
975857
814377
954409
975689
973456
882819
822187
977550
1021815
1026484
844034
927613
1071348
1186960
911044
739887
926436
966886
927626
903886
976048
989244
1004066
960662
759710
953962
953322
1041042
854931
1023302
928375
985131
855975
876066
974812
986028
986759
2468369
970314
948598
965038
993683
846774
937795
1001035
964625
797567
963192
983800
1030175
1435133
949309
960851
938915
2474284
2112716
976872
971689
929384
942322
740684
982784
991755
977641
941898
960819
987243
897484
1095726
894570
979186
946920
916880
991863
1005052
992305
910237
889142
807480
947016
970267
882007
835620
959331
1089615
998873
850952
944975
1023518
976404
948720
863153
1000426
955896
981195
857914
766121
949402
1059807
941317
791620
951747
965401
907681
909511
818413
978412
982823
2775296
817167
959581
928605
599773
522844
461286
600645
1008963
949872
854786
1651002
1005599
1033256
977952
780817
957649
972255
983613
1212209
1603274
959024
983564
904522
813560
995838
992277
947979
970706
956437
964962
2652160
959050
802644
952728
937936
988662
889970
955686
977111
956089
933517
934799
995388
935253
882601
1015878
1132932
980075
942445
1016554
1044657
935967
959114
2576684
839924
981065
985188
913565
1034308
2367005
912026
987763
1165023
928113
934612
920276
968890
873821
939341
1222307
983282
880180
988608
973208
1088707
1024958
1305503
815704
916554
911413
2586681
850050
993179
953027
962779
1005004
2361548
1187903
948876
1017194
958168
991539
931134
559168
952075
799796
988198
2641072
918970
833750
933580
991687
1000350
996175
945397
1160395
1126831
912201
961859
925281
974690
2570495
983026
732150
996237
1014441
911381
946806
2564920
982302
940537
925857
881951
1081857
991189
2947365
959020
574480
1058835
988153
881272
902890
2534599
1070069
521904
485664
2109292
611358
517174
590647
639374
581789
585838
536059
854323
955026
1109309
977217
899924
829027
960807
585011
618310
578115
573881
618193
563944
487260
580545
959821
902680
2487041
849238
1378356
997143
1002425
932401
931859
2530699
982813
879058
830089
2508110
964431
1002144
2458506
810869
960822
1115101
983468
804234
1085810
2528652
961812
832565
795169
2478032
937246
976072
2557074
579473
552642
594672
964356
1090344
1006057
2560927
962584
502018
550067
573178
539504
578868
538470
586970
606667
514814
560440
631500
578969
545304
991587
739001
987790
2723113
896253
1019204
890517
552130
978696
880469
3607816
979818
970763
2908181
874092
1593019
948866
918148
937847
760331
978375
1005606
914573
842579
1050888
992356
938046
976576
897690
974912
944138
913975
1105207
963748
980144
2938329
1175700
777178
959854
1008169
859634
893602
2557482
977940
929067
944376
922811
952028
971281
2581973
891175
1007513
944084
955571
853944
903808
2577876
968427
949778
863753
2506071
1217080
1164557
2375998
840465
953987
925552
899635
906056
977655
2592130
979670
879735
755273
1019248
987214
4281251
2410253
1176396
965639
925968
959808
829998
963712
2542862
887357
859727
939640
979398
979220
953017
791965
2471684
983477
893453
2378963
979226
961016
961703
966054
856935
986699
999748
971653
815994
997726
2502763
976365
576509
2054880
992934
911862
995430
971375
1609170
994223
1039599
992087
535955
975595
2297536
726001
554810
970990
974694
863686
947073
882362
766860
960972
914792
979538
943051
982056
2476947
702193
835273
959738
2471782
884201
593371
1181802
951804
930689
917367
970543
948411
972169
2413135
887133
993441
972645
2427668
888632
985138
960494
981656
786919
1057987
2547854
977121
1084409
2434203
872855
1286876
616908
633880
637207
984239
903768
2856867
884980
960537
934951
999464
879710
964669
2575794
1199596
895476
911865
964798
931745
1066574
2595472
1396968
985876
962911
973922
843501
827219
2456732
1054094
938870
2094958
2523390
897390
4644662
3139640
850300
973627
987961
985350
856608
972097
2581902
909338
977088
818878
2495998
945060
3365944
2823000
893983
959643
936260
1662341
832609
981832
2552668
971241
649191
609942
612300
637206
1324207
543908
810208
799616
619434
638544
643426
870793
591989
1011684
1642986
984591
956977
3869468
927982
905628
2608602
948064
884562
2466911
994919
605617
634402
979486
886362
907994
1496990
980456
870699
998929
2699632
916917
854938
954221
977607
1705288
997099
967360
985884
1056047
671413
974072
892581
987370
1899549
610839
623975
614222
645725
603527
637565
599726
663155
663572
738740
1009552
1149714
1672429
2249851
998510
960983
990859
2525211
994033
848767
944946
987358
977904
856026
2421117
975419
963491
2548167
539050
977623
965297
2510855
836837
971329
920448
974605
914596
765433
965467
668975
640518
856198
614173
985639
1128122
991191
940297
953153
1198872
2589778
851297
1256164
1121935
994519
912911
935033
2514976
1001061
988330
875270
2589664
901571
944102
980262
895758
677344
587195
749943
766520
622773
792973
792058
1053570
1503373
1114885
862429
1016263
1006755
960743
2545256
1041637
981862
2520754
1042415
979230
1042940
987219
1195373
1027142
1125701
1249569
1273004
1195665
3439900
793032
873610
1158702
853491
654674
631570
644052
665887
1008398
640278
733351
734229
691213
682990
739233
545928
709479
738586
667181
721245
1669171
724890
755990
665027
720481
689407
703869
684750
711321
727382
699403
765722
741437
818244
734125
661379
660527
575268
923931
695301
684725
583442
538665
730656
718439
760906
627827
722621
700664
688743
586611
562857
652538
734011
657129
645755
725401
718127
949988
692954
585883
694980
700912
710579
613755
692006
656022
733042
615584
587864
686027
899656
735757
637676
714376
729384
680436
682982
509333
693850
692216
663633
540362
646468
617979
658247
646677
509893
658718
632219
632313
615259
654994
620229
581990
659018
532045
649234
632595
677498
575537
652643
674327
620496
560972
555094
659174
576839
618155
610019
639331
778581
672412
658161
546600
659028
649332
595828
549874
641886
640650
617781
597369
560503
653256
673057
607927
639720
746864
687600
648181
586931
490176
632145
660069
581540
566241
638516
667309
660155
614353
490011
623857
667404
971397
878020
920124
2374383
962087
834364
792671
2414677
975958
991692
2251914
974504
987552
1005175
4965973
816660
958278
1434461
999864
854954
962341
1052862
971702
916320
855986
2749126
979072
1241479
2373019
992395
967901
909057
960671
841528
1010453
1038971
1031993
864410
1059339
2535811
971608
802732
962789
2561072
970775
931489
2370665
980465
972205
950596
1007233
847596
991968
2498056
985013
857709
994732
2504231
987425
938437
2529972
985165
970585
897823
970583
980423
975605
2712498
968201
821531
1140770
2537264
953758
838208
1005522
1080578
954606
952039
1018604
999958
953736
2520944
922629
974433
972468
2687839
972678
888713
978833
1027290
920429
1178655
973481
1041886
1027364
911250
974898
981070
925310
954911
996138
607182
966815
2571751
952573
824011
949054
984875
925078
904324
2498403
989041
971481
1004912
979495
967364
939448
2469450
978109
941667
975368
987189
913475
828699
2483232
993044
897642
1124611
2530847
986435
955541
2478342
892709
1012739
1027676
994966
957765
951393
2574267
977135
892213
921358
2600780
1060151
1248155
2527193
1047432
965789
956407
957897
768366
959125
2536035
925757
979381
1003303
1089356
1162502
933268
780310
2791525
974195
971515
2444390
1008895
991654
949687
982673
845987
947290
1142366
1000980
992405
1021910
2478686
969856
881135
2373902
986405
947513
914787
1135415
1067069
943869
919442
970640
854344
955925
2509736
980261
865806
952169
2531334
947393
989805
2338900
982904
983718
884326
1028286
964580
975949
2511385
979506
906487
964061
2578849
922776
978096
981309
1066293
905897
931747
959115
982841
1056557
2572563
966916
966959
973688
2524410
988640
812720
1149235
1049412
974555
896663
2087221
1064819
956784
888410
885100
974802
1054201
1005364
984043
1065333
1082380
2559183
905658
796989
880887
1027325
985345
871529
2646619
1051123
997860
1047042
909630
1001393
938830
2473422
903332
962775
1008931
992955
939505
782190
2492102
1001840
1011334
881034
2531387
972330
945643
2438518
780178
979890
947447
1075948
842864
971266
2576383
1013137
947323
795404
2692246
960222
934555
2397751
1011378
952363
946404
656588
747394
978318
2018211
980907
1067779
985304
2563211
931544
910111
2701724
1562929
944406
918092
2415865
916916
956643
1007406
973271
748782
1532894
913145
972288
889930
943758
1588174
976422
926586
756875
3150196
1855441
969655
866036
946355
960253
987837
958809
748260
939354
979492
546324
469331
590611
693777
602926
982324
763040
972462
2601827
950249
1003918
1479993
929818
984416
870994
744146
2541767
958741
983106
994848
2558288
967164
1098686
2417108
791231
4635870
932558
976331
827111
988195
2732840
987829
930224
898484
2461140
931904
945017
2450994
1033069
942617
944574
987050
783121
926829
2417518
1453990
984184
985716
2466188
1030231
872976
2348779
987181
956211
965912
999785
916280
951778
2542310
4981580
645326
652346
665836
595087
582596
625135
646219
607125
562138
487503
651022
668354
559945
588878
653762
650420
610866
569979
511291
605070
633722
628653
537900
634712
667565
607427
568793
616092
696684
613993
555112
576906
583796
572897
547481
514622
486904
551454
2428584
1123618
863515
940690
994031
1865150
955591
973642
952397
967570
2477932
961298
981952
1217212
1007344
874942
771159
3187090
984818
912908
933576
2664755
1000309
915297
2402040
895714
992242
979242
952403
845138
1160470
2555701
952799
939848
840368
2370514
931193
895213
2397251
987523
982665
906143
948368
846933
972552
2940666
965591
894118
1093015
997339
1103879
855255
2397888
1187921
996779
855597
2420296
987745
923650
2491212
826280
897718
1517049
969950
974929
967323
1000267
2536036
1103180
1000938
2354704
977508
939500
874599
970602
979480
929161
887907
969798
1067175
987481
2475213
967042
852382
924616
997636
960298
935876
944247
980397
921903
1025524
960328
1012377
863373
2478397
982453
822834
952419
1054279
954240
844490
2485309
989705
900452
646149
1232372
984667
929258
2643263
1575820
892139
950242
2477441
925741
776889
1027711
985602
972200
992690
2586978
1127767
1005964
2465349
1040867
980645
940286
2482280
999520
998189
958639
924190
934325
926459
994918
1098959
932336
866891
2450392
1065175
962589
909666
950869
970116
967825
2507921
2695058
1003951
957886
979052
1422284
739727
2456577
1007976
905983
841344
2661279
996111
895993
2447799
840551
971565
966781
953877
846189
899675
2522046
977374
891500
925049
2539469
932634
929289
2474860
980240
993776
1020961
1020580
834324
927049
2472364
977725
884668
943730
2491182
912774
975709
2508615
1381114
899829
902059
939613
918822
1025893
2453075
932067
786051
954334
2379076
879906
823790
994782
969470
960736
930555
843548
934754
913786
2451574
1127734
974986
925617
2443960
999157
1131691
980707
937176
1010069
810410
861869
976335
898504
878813
933029
984815
957681
1017341
937274
998732
923675
2508297
965345
778860
916286
1067552
948662
889487
2438417
990191
912952
890494
957006
939170
937666
2387243
915636
956726
885559
722467
607278
948296
2607323
1025460
753741
987339
2528203
643240
599900
647392
540230
640379
651499
977420
922691
967034
2528377
1005947
1042684
830328
2441690
932900
919351
2399057
1290634
922865
1003502
959382
861098
975171
2506346
1431400
826675
921953
953252
924067
954270
2391921
947566
974729
913119
2372981
1031467
941854
1007320
1056969
830648
967178
995174
974982
897381
940775
2576278
986305
864000
2426255
1127406
1059007
957922
993253
980943
942366
986072
977287
854358
962647
2600222
995602
509621
558673
496955
596637
541755
468063
595322
985974
1141703
1159075
978576
875397
2487318
980156
785819
951175
1030345
595991
511623
586135
599570
574879
537056
975122
957730
965059
2569666
977906
911021
1019320
2578691
668351
471675
563619
594290
538980
571025
588780
969332
942476
989884
964629
988176
1017908
931768
1222647
988932
990643
2486751
886419
858463
574881
590397
561519
584583
548556
1017362
941156
923587
959674
1020949
1571896
697142
858825
975991
917113
987027
930864
2674132
990648
1670860
597936
495661
600761
668045
944988
881214
2385106
957031
1654948
936239
955497
936598
975611
2496992
881567
775355
972931
1309899
950982
853165
2545562
945242
915040
896424
942488
991039
989400
2564884
866213
972610
1025044
919114
891303
837319
2538655
1067480
927112
895989
2556149
1104242
944258
2566562
929670
1055913
936918
961581
1030227
937923
2665657
970988
910056
439276
601191
577321
511883
586244
995815
978261
936427
878250
907013
958776
876744
2566592
876683
973244
1569921
975791
1334298
752868
3095013
1197773
898597
898695
2712258
1121668
543648
580090
877302
1000855
937486
971604
835810
960174
2548267
924466
935808
819662
2501519
579014
570245
645671
597604
594661
550185
576959
431819
560638
594647
569782
600582
560506
545648
1051928
903718
2496578
908561
947017
980247
952164
934531
947269
2528458
1081656
751382
956029
1589130
1873491
1007331
924343
1228401
1147719
880778
931060
957140
912407
2409417
922766
982048
946424
932829
874711
914569
906066
2653694
911828
826975
1011174
980990
918954
870684
1006567
967799
933900
928507
1214689
992529
1582268
2507766
885117
777703
951989
977526
922647
891866
2557947
1479649
565743
540316
781587
684006
612930
580407
485287
578586
1178518
971971
903318
754230
3442553
975039
962972
965227
2497393
1264340
940926
2474346
767179
1551128
1166748
595883
488505
582400
588683
960213
1000243
741699
3150462
1179476
960285
488092
595906
584294
562124
563740
445488
565948
546473
595128
550994
608105
603461
930880
1000176
2316328
984763
959909
557900
512963
582945
548779
581802
599964
452901
595537
557499
984022
1398434
1561739
2698720
561522
543075
435919
579150
631041
968157
996988
1001177
976052
918525
973311
502421
717081
643456
931640
894870
918477
977542
886033
893046
946213
959886
969342
904287
960409
968871
1011962
2512154
1165446
797839
965670
945009
967122
858603
2598106
968510
878257
902038
943910
929568
1104759
2669390
862474
717922
612180
1324766
1014583
827999
2906202
994618
968053
942452
2674390
971380
991561
2665643
850042
992774
1010651
1017725
831949
982947
2655781
997137
968976
7036679
2710106
952200
951417
2531780
979867
935078
1304124
962358
759723
974589
2781516
885645
830941
942857
2521399
961453
896636
2239410
983030
1152448
964261
2383746
982431
924772
999627
989994
759221
967121
940052
974409
851877
1090968
1040612
989852
964504
2331406
972846
1011972
899012
974079
964902
971352
941479
978017
845208
827289
2616497
907450
890058
951036
1093795
940975
881304
736998
592461
563633
581553
1446519
984414
1033451
2513832
958270
520671
778077
594823
546311
527773
604701
602707
582896
1090827
964469
930850
992380
2798293
951815
942909
1052316
2433789
882564
828024
1004891
975406
871127
869578
2510135
987898
934950
2844839
833983
1051453
922892
852416
976030
943352
909301
2691527
826119
796449
1206893
980760
932949
836139
2504529
671003
611113
590389
641893
812801
614558
654441
847983
1043231
994021
988536
911705
809914
2563314
985873
945293
910291
2475495
1011733
1032890
2479733
817000
634704
615021
1044733
992221
1000714
2801276
969183
897597
738878
2540979
975416
887166
2531151
1271667
903392
917931
3400211
775025
927680
2413568
1000135
879283
952528
2488837
890118
935175
3057706
985402
966508
897130
977527
1113965
931320
2518373
960022
767622
1002547
976784
990245
815732
1152592
646884
1771884
930947
1005691
943102
965497
2748803
648137
764933
632594
610873
973848
915802
939648
2518754
999252
915866
821134
1053371
960103
915380
1018185
1187812
941810
937271
1003538
996821
796463
2632814
891486
821800
966205
1000693
911261
856047
2648110
1092032
951162
918568
883046
2533874
603696
761128
503538
965428
926816
927851
996771
1026104
968912
2690379
919450
968824
1582426
608604
601202
578787
545343
587789
571860
562875
947825
1548675
998716
1202153
990580
742847
958142
589564
533900
568688
570860
596597
555254
542416
540130
608358
593813
611121
981627
1011738
1188349
1000173
1038242
1912019
603024
636795
533001
532071
565940
594031
573149
3255356
1207433
605251
643326
607530
542256
579644
598142
594272
534581
493968
601047
572055
731462
517254
630691
590758
591087
817853
2612831
937085
995842
2437546
1497845
961140
975528
591617
563911
581715
579352
585335
552681
539167
577825
981536
986149
2873108
522016
582847
593632
992843
847782
999697
2547327
849930
617890
522285
616348
619209
644242
617850
1013483
962356
661562
656510
766796
989979
2564769
1048964
887343
948851
2509150
995816
984283
2362588
995522
986077
958218
1078483
1026200
976761
2543457
1590084
737163
650983
611026
605782
902871
654849
664655
662032
874676
461873
655170
613036
564674
598269
697712
603569
604213
579475
489804
664266
684646
760262
588079
642582
654284
568156
620937
979438
594355
1765445
932631
986763
950200
1006941
2537044
611927
507106
554863
1272178
522857
494546
575058
1061086
943354
919038
955467
932610
1053067
568157
531091
558010
567604
578962
629817
476545
565948
661473
550541
499356
567729
974443
982446
2516283
806899
968630
946631
963043
827338
974101
3320565
971921
932425
775583
2547378
998862
964572
2395951
979270
958568
1143878
967219
769998
976761
2473131
979089
888487
1093779
2699719
934118
911503
2388029
979928
992540
931365
950796
976347
1425419
2452040
924173
1802754
1421596
975361
1269405
869292
977150
3003243
974328
875093
2244822
965511
927239
963698
974758
1093104
985752
1417495
972671
751551
1001468
2478889
965821
830590
961872
965759
899046
914521
919411
2095312
986390
875305
957268
1032360
946928
2551968
954926
735790
906481
2439743
899101
907290
979826
969399
1019604
841080
1015296
960061
946872
2479462
958451
942445
908998
2479920
888032
818612
971278
986310
982859
806440
2507691
973866
862113
2516912
491238
946978
917139
857089
958682
1017369
986262
2526171
849953
749217
968549
965535
894066
890599
2553380
1003472
890758
879766
933992
966052
959457
2391828
949153
1023832
936579
935138
881831
743363
2614063
985961
876792
830441
2518751
969251
942423
2676778
929785
1168019
924096
980059
837906
949312
2533769
1000352
888694
927586
2495261
958648
988160
2417030
1113907
900324
934229
966523
777195
944422
2517705
993504
828863
966299
2494302
936423
920441
2286643
1846522
924520
925443
964506
950107
891140
2570686
906417
829164
941006
932775
841537
783583
939379
2423712
942385
998997
2339958
957378
900827
941052
1090288
977644
921888
1079527
1010548
753369
928381
2465843
925986
981290
978810
935814
926374
885406
981741
944906
1042264
934548
957973
934397
969472
2523819
951757
829938
999193
2493487
884149
959864
821698
1027654
997351
862928
1046329
945432
953356
2413117
951793
933669
970472
2475053
869427
805868
963410
984447
886605
800679
2477491
960452
931909
2392013
771393
993028
2065676
897149
988837
903686
985190
2458820
835264
769194
959182
972845
904909
807286
2521012
945218
866793
961049
969948
1173415
963561
2497988
829084
945743
910752
1010120
839142
779302
2480330
623232
588031
626894
881521
971324
961455
2380499
856665
921326
974414
929231
848059
973594
2695844
980581
990008
851581
2443657
946429
946545
2401445
1013022
933614
910416
903858
855386
962187
2556080
997108
850207
5480210
2525529
965875
948206
814729
2601728
952320
961230
862866
945581
2562279
964507
948001
2324666
930462
1041664
864675
959734
977778
948732
2522050
836487
805196
901545
1007649
995305
986566
2573475
980668
1166526
886301
941256
974121
915076
2458025
919581
925450
1157605
1098638
1199163
1094442
2897043
1099456
1244769
664139
1131826
1166472
1144472
2931149
951692
985073
1235476
1064556
1178269
1359902
3031408
1103276
1264477
1184764
1223314
623170
588820
586252
728171
604095
575830
591710
475557
561945
571963
677742
485961
596862
544887
599930
514761
508645
562458
577711
702420
483184
572528
579048
771385
512131
464180
593261
550935
668968
531925
544559
589564
568370
587185
480607
765240
577259
610056
514092
598644
595009
573901
586448
483534
586015
573130
671253
482518
546941
543059
592021
523796
470156
620249
571957
653183
564553
589838
579428
593290
579911
466589
580697
592736
565306
492754
590910
836379
526105
578857
404968
608028
572417
580964
492243
590181
777822
561253
581104
431825
576691
563110
540351
630570
603349
593985
592544
527348
490093
748656
572142
555093
588321
590591
565002
775263
558377
460295
839949
585650
597142
485787
593781
579717
794199
531823
561108
590622
653213
629311
646913
637555
990170
1018074
1051992
1049410
2711998
970143
889026
858106
2658185
974140
913803
2511353
841031
1043301
868803
569949
558368
582958
912390
644785
591584
472162
575257
550947
520055
483779
560360
582535
580481
528008
659798
595705
562555
575106
577687
931869
1184601
1104833
911023
890981
1797322
1037893
942562
606011
783021
577904
536670
515524
456357
529566
733258
566160
558849
549395
561774
590309
504839
534411
580331
572703
531612
532616
578684
556977
522398
573490
463930
548607
561659
562999
494967
1564974
575052
552728
523781
470542
583448
550928
515604
461657
605619
573902
590348
587495
548811
495145
662801
585571
476394
798625
592861
539949
544711
682794
579192
995554
2634088
4825173
931334
564716
595513
633814
430397
569206
1399433
530166
481394
566639
762164
1202834
528328
528522
586489
561739
595311
577103
592707
834039
654131
694564
658128
656633
695501
745838
941024
732490
854062
583077
576469
748548
1073220
1064621
916230
1075884
1419711
1127800
604830
571537
542675
983946
1238766
1226823
897672
1001899
976674
950579
1079234
974623
1019587
971801
1077354
1087763
1124880
1025371
2527166
957862
824243
1596064
746315
652893
663624
697724
701332
836131
657692
616417
664553
648182
1310173
596271
622831
647058
615228
649675
538224
688824
630059
598815
1040382
1216977
666598
768808
745961
781368
650292
632115
669981
547440
635969
657970
615158
582650
579577
648647
618157
629072
648746
615813
627749
606593
668205
555805
701583
628335
593025
556664
648170
839420
640217
592908
504534
630527
603965
609419
656091
686376
647545
608584
628503
547543
638580
551253
642573
588298
617481
631901
595356
574489
670680
650560
605484
643777
669026
631433
628431
580336
591945
567289
632257
638032
603833
565290
679886
593874
553168
581285
556301
561179
585298
534107
535580
570809
559475
587344
559399
534471
593379
1339770
555845
513274
568200
591171
552892
545481
474241
588732
597909
523294
492240
604698
564712
603130
599546
439238
587314
595699
662531
610537
596746
1257030
558199
547308
573192
587990
551469
528814
500855
576111
601626
604729
555389
451814
599075
585764
556786
558707
592906
848519
721204
581951
558885
1121213
580322
588057
508016
577144
779984
583482
560073
421367
570168
555961
542053
491894
589131
577870
584450
573879
443487
570958
562677
600474
952941
973631
2505121
989241
869294
2299637
1559262
973819
900070
1050120
977373
955484
2160940
1209991
743912
981179
917082
892455
829559
905513
1193203
945006
901577
947849
1560820
930812
1519183
964559
982687
982580
936990
958516
752053
981579
2502189
965687
903176
985281
953810
1042800
969606
907773
1158225
971759
871556
1330689
957501
970019
2513730
1187565
748758
976473
963762
919569
862003
2985848
979732
902756
849830
1015872
958772
914555
2426861
897950
1015269
936296
973136
1118137
779490
2576819
972398
859509
905568
2486579
1002029
895948
2437057
877617
1000886
957653
1217708
863795
976012
2541101
1158447
864568
828607
2137513
983247
952567
2335768
1053051
973595
894898
1090780
1236015
970081
946338
2523363
847749
965825
917624
957200
843868
758115
2471970
658535
659307
653129
636254
643983
613172
630617
522620
621926
632834
645091
534771
629096
638427
678046
712224
441194
584831
556758
539179
539166
595589
569889
610098
589867
442507
565725
602750
587886
547006
581458
577918
550030
573402
497661
599244
569037
552650
591531
1167804
596979
603568
591875
529392
599770
544064
585420
541108
550042
591393
569614
574778
414281
592901
603125
604362
602279
508721
578367
568003
530585
445886
571355
595714
546860
507154
563370
551581
608399
531338
1264454
591558
589169
536731
570608
578428
615416
603975
532805
490016
561557
619119
582890
540385
597465
580197
986472
874623
950154
900198
933791
2560804
886561
925819
1020971
970659
877324
786258
2494324
1159101
965772
859230
2497588
1260390
949361
2775679
799346
955387
978851
961687
873426
919055
2980516
989034
875995
867967
1431857
960133
903377
2372136
1028678
1241677
949167
1029127
839173
1300660
2513230
1322553
858903
1186132
2487282
937017
907151
2403079
1239866
962758
1017214
2419325
953358
988535
885203
985778
780393
982958
1036806
958997
870894
1009570
2535915
948642
844502
2342866
962214
914341
882370
968547
988970
870978
978737
961207
834705
1003366
2575392
970957
846656
1036866
2546858
914629
874938
2508530
923839
926659
984411
1054075
1036734
984373
2544673
910596
948835
964161
2387185
987877
977537
1059056
931047
900704
968877
993742
1040630
950963
2404975
943985
977373
954185
2519659
883693
810729
911033
992691
953478
968052
2510725
970590
935144
2405988
956366
926137
951427
790466
904881
942377
904078
990886
1336336
939306
981952
974472
910326
860812
2506072
975500
899525
894249
956101
936964
968337
967223
983718
2497542
832754
966870
963190
811611
2516937
938903
878712
2458360
985683
909800
933230
995344
903259
953731
599727
596685
537180
578272
594590
567044
569598
972776
968917
947822
913929
1151695
575769
541605
501420
552893
490155
573726
577352
558791
522100
589959
576039
556801
611239
952103
993694
1025052
2520608
952983
955671
953699
969150
973380
846669
2480105
984981
915911
999441
2491615
977975
998692
2576619
926921
983253
924559
522269
517366
580387
577542
584734
734038
484292
578033
588649
515050
542300
582223
986689
914908
1022010
955138
971738
948918
2595962
863363
576623
606956
604647
598364
485609
581225
614482
543688
525869
593302
974221
923393
2719367
824981
1026705
984463
977516
523580
558238
2576252
963824
881189
795004
2483478
933468
1359482
2452849
1042181
1097784
905653
970563
998518
954133
2470119
894625
908289
929582
2452209
955547
950575
2408720
1323187
985073
869257
918717
975657
935652
3090934
875483
823824
931098
927967
1220582
893322
992523
2423418
959727
876392
2380313
978025
950784
848335
951751
973104
941720
990901
1016750
1185131
952065
2605344
865343
858508
952216
1157374
907655
870396
953526
973687
10164105
955036
1258810
935609
970604
2504254
845626
824758
938486
997308
891794
858243
2532069
1194109
984711
1070471
961683
899883
934691
2442974
920450
927023
958250
1073321
875512
837034
2477050
664932
968806
900908
2483162
1292169
939565
3464162
828152
950395
956743
966674
920804
557581
570542
577560
1303690
487257
563354
583403
555175
501822
984159
967583
887125
2769562
890408
920076
998033
1109256
965089
970029
941424
978137
852261
827254
2491757
964191
1515508
877966
2494841
1009249
914916
2617858
997857
1001390
992115
1020793
968437
973617
2665567
989391
963309
840463
2504140
1069180
936415
2547390
979022
909177
1664369
979515
847880
940388
2490330
1020277
848386
919642
2447128
627426
585271
532963
827884
1125179
925447
943983
915449
941804
2467846
639130
559815
636088
611904
8709311
550383
624803
779809
749556
536892
405400
591310
554007
538822
526903
571341
600923
571186
568854
417300
605020
587608
525552
515761
627610
593673
570767
541721
930677
1135689
975770
891062
957638
1043098
940174
2446106
894757
783539
948031
978855
902074
840452
2611851
992155
880564
859881
956013
987548
911937
2432395
879592
1956252
970268
970655
952210
957153
690131
975680
855331
816148
2511148
932821
904800
2379306
781511
906074
979658
979008
889260
928076
2523263
976158
983557
1056508
955625
962290
888881
2632998
992472
955088
970875
1020911
749776
606606
2614789
870412
1011399
947655
958749
972178
838697
905651
2441028
956608
1012695
2379660
1217876
981387
914630
1009883
818555
1113079
886333
965145
826313
905917
2507788
950579
966630
2328916
977666
974745
891681
939249
953876
930261
887912
959682
825963
880698
2443434
975448
866324
1252613
2592979
935765
946435
2405258
969680
885291
919201
961540
918110
940553
2503667
942974
1112130
1008016
2686624
854717
850461
1007401
651690
616689
571108
592799
625218
620734
609442
792123
672450
679801
665769
601072
485755
598462
997415
955018
985108
2412602
978092
926391
2524277
921896
1086646
823555
941093
959440
960046
932682
2493442
911382
768349
915617
982010
887000
902323
3219896
977094
948791
1184053
980565
971613
920287
2482977
933664
1487822
967347
984552
915138
914828
2543935
1024368
926118
1016771
3026360
959496
889693
2511170
743663
919815
919316
987976
961823
1048373
2500513
967347
862037
955351
2501511
968392
966268
2399825
1103211
964441
895864
983070
1169669
1009928
2531276
997563
875361
963229
1013738
1709191
903279
801336
918296
978388
912779
979529
1176155
1013275
993682
859389
742207
966250
976684
893512
1056036
949545
887408
2586219
942095
1400067
981752
936732
981819
883001
962217
2657546
1627801
899315
2387134
960653
952454
895761
1716045
1134628
990926
959150
893452
808324
968046
2518565
870646
1470260
960306
898140
952025
972920
939228
991283
969405
908943
975521
964653
964108
2474862
968532
834677
930306
2474966
950315
1198797
989324
971082
967053
814486
950551
945322
889739
2211538
602558
1136399
573971
551480
743448
489918
576947
581402
540140
610656
567850
585814
554067
526709
815821
959510
970500
981883
955198
898067
939104
2454840
1318513
815211
919900
1187418
983225
858649
2915079
970568
966896
980485
953613
961245
1019022
2599172
895565
981345
991270
958625
894252
819539
2548692
997410
995465
896739
2460507
966363
1108038
2451646
813799
966395
1271453
907446
860241
967518
2556917
991949
1034747
836395
2481521
1553742
924392
2385280
964392
958373
902894
962861
847168
932563
3033720
1083057
1003469
983679
1605967
1290269
863810
2336639
965058
997726
952680
1241929
963980
896912
2854019
940652
808367
998845
986928
967626
845251
959794
2644033
898550
930306
2323498
1052333
1113014
976633
954373
1025740
983668
943669
947953
806425
940514
2180165
880038
888779
920207
910227
973825
923165
904541
1034232
999330
1249373
942982
957906
924499
2457748
953847
831383
953232
2774018
927271
882326
905813
968933
958862
930905
1297681
946291
894025
1097858
930085
968197
986881
2535831
898579
757462
1076181
969840
948208
925422
2472998
1025405
908437
2427772
743927
963162
961470
930722
958913
601079
1009821
2495020
905825
1653338
969241
958740
909521
859953
2557465
1044448
958371
895592
1073332
975012
933059
2410617
842636
870453
1025745
927229
877776
760068
2599093
909126
944629
997165
2491934
1089192
925557
2804515
744935
964858
980449
911907
880868
950333
2787082
962549
947556
777742
930186
944658
945543
2316038
994435
1011034
1217082
965767
803640
1333256
2493984
983203
951205
914467
1592399
935424
925063
2305106
963146
963065
1067237
953356
985684
1421739
2479370
995766
742163
779249
915196
978480
870029
946867
2561205
903590
882705
2385160
960837
922137
1428034
939155
912764
994955
1160738
959983
797286
1550528
2516491
885009
886005
1002693
1031924
1049511
935527
897165
911852
1155502
878741
918389
955041
941374
2649347
947846
1752361
1025785
2524730
967621
854802
2467151
977650
958206
911413
895706
955485
954324
2463895
951685
975213
862743
931747
888006
889210
907352
967127
948096
667727
2485526
957472
621515
555152
621124
663150
642372
661993
2336080
626054
946338
1013158
928090
556634
936340
970234
899849
1115365
2566662
979653
933771
982230
948531
899677
936825
2496728
1445884
972235
1003635
967328
854484
962112
3880652
924341
929626
967658
2542928
979547
926621
3155680
871139
972710
892257
921568
972415
960888
2611557
1094447
1533716
809402
2484302
941883
898487
2453499
975202
958375
905174
985639
844117
973646
2483358
970467
894774
935997
2485527
906484
902918
2499793
962969
941925
883328
966943
983662
960175
2401561
917360
870868
932956
1932429
1583491
860334
938448
2513530
960260
948425
2481385
985800
893673
1564967
986690
939980
1091911
855117
959024
817090
938001
2555355
972562
1038272
961688
971404
879907
977391
945040
927949
1004790
877159
955788
950804
920625
3226894
966353
910624
923837
930139
916244
817557
3737866
887589
1542413
989395
939047
964209
937804
2658732
957488
972410
973170
2903985
910047
845384
917729
1632533
969028
898516
2456868
973401
940474
2601110
887644
1051423
2666063
938607
844392
1011319
882599
933500
950678
834334
941172
1487510
953366
879207
961998
1683645
626556
642575
779167
945705
2498845
941737
990162
875628
1064411
1001197
934879
799442
2543710
939108
965940
853248
2575397
961224
916741
2591307
806034
960284
1001996
824876
866886
923316
2578403
949411
1771260
814522
3111589
953448
906007
2396982
912564
956621
1051107
910633
790983
969422
2992553
945015
939954
971658
2459250
908178
924234
2461596
991098
1127285
905067
1035930
987888
1187148
2482667
936209
960927
960790
2489010
884272
1017869
917168
983954
981307
939223
955704
975467
977366
2738612
822160
1033002
932121
867259
989921
847223
925576
2561565
981830
4576504
937700
978133
574546
517247
927467
961095
954761
613745
967750
917870
1035489
2599071
521907
463167
618163
554104
542784
503887
576978
513136
643581
529089
941039
960843
1023284
2460088
854963
637768
658604
589134
582986
459089
909363
572717
595337
470337
567565
778684
564433
533588
1085210
998536
960835
968517
1012381
968340
2486186
956247
927307
781213
2845776
987239
955821
2477091
1001513
994764
571119
974960
808876
1022773
2462483
914259
900944
569932
610934
599637
562392
2277521
979413
962689
961464
2377022
1091875
955580
933465
955400
828473
973531
943942
971241
1108211
1048165
2490159
991649
935975
732217
2567993
953243
900648
2522206
1441488
967084
954129
973370
749114
957685
2526913
1001272
831365
1058722
1802158
966475
916357
2254432
950172
968445
1175033
969362
1037520
965955
2477831
950377
737698
959975
2593799
927401
875009
1151773
1042125
963239
912594
1169438
994880
955005
2752844
1286877
1045302
945251
2563967
896504
863719
913395
981631
967852
874838
1246533
975932
960473
894420
911227
970569
895193
890224
949209
1386063
1081376
2517543
975060
749610
955021
969865
905917
1778225
2585850
953866
950002
882846
980764
1161013
987732
2497637
885226
1083067
958373
959061
937199
761776
2607671
920227
907457
943352
2586786
1032690
974415
2475453
794337
1018673
941161
920251
839363
1130609
2549731
960075
890179
962180
2467580
977122
979600
2412103
1094334
964757
913613
873616
739252
981401
2481689
895711
961090
1047595
988363
1027891
971936
905467
927227
979737
899863
846240
2538237
946140
923839
2471735
826706
937033
1304319
971398
836629
1005440
2482295
955331
883997
761807
2489541
921173
882712
2530742
1056253
1035939
922494
961767
783060
974689
2564377
916644
899483
1013287
2556359
901848
973373
2484783
1303993
957380
913753
1718453
968582
1038386
2513819
942170
757817
934052
2417550
902014
1291895
965569
967113
947918
904515
955641
960598
870735
2454831
847929
974049
919886
907517
999764
948544
909846
2449064
949171
954131
926745
953095
1011754
885949
883063
964465
921981
947588
1135696
963108
904053
2495514
1168345
768615
962545
971722
898914
957093
2452874
961820
989678
1329501
936742
899924
943547
2464063
872018
968051
943818
969254
871621
949874
2514584
914654
1003483
886131
2456629
953225
941977
2709427
846541
977545
3847004
947177
876791
917361
2546318
935351
901847
783025
2446355
933216
997043
2428990
973452
953328
971841
951672
998962
1149528
1023577
3234198
1000574
980120
1128354
991723
1966460
2671203
3787462
1065733
1005693
960380
2410894
1031258
1119818
3293330
2316767
683548
980613
960614
922493
890904
3554891
985659
960738
854707
1012053
933913
1315665
3882678
1185512
982706
982220
1023675
1853494
1500780
2574890
677056
649704
805116
627740
784248
675840
633358
1004885
1078602
1375459
1131652
1014833
1273915
2927609
1052094
1188899
1244704
2730782
1133837
2782874
1023121
990919
1339695
1111056
984354
1002033
1136875
1139497
992257
1044814
1048223
1020437
1029014
2445873
571574
609988
2678588
597223
600479
589773
597639
583401
669012
603612
1283026
595013
592025
632952
590898
596702
586686
478757
591820
591956
545594
513309
598164
2353807
592280
752797
538666
638065
666515
746136
837299
595929
602278
614112
596339
498331
600962
635852
615131
594851
1060605
615098
692689
592500
568965
1310354
786411
781705
664031
660574
590625
674751
574208
1100568
822003
989700
801548
732631
1630376
1742946
1210369
1514117
1191119
1071301
3175400
574441
740692
590704
749944
599025
738670
736132
1860022
1165719
1196382
748400
813379
915618
657626
589628
475273
584255
692217
584285
752208
661606
545722
639360
756784
760553
690635
623512
670283
575096
578963
628408
576926
582112
525434
572449
568062
675818
653796
718291
947050
1105181
1211359
1176809
1490035
572909
688083
614148
714122
603269
940050
566694
583368
775812
1344366
1187580
969400
2981249
992611
1047518
1160908
1337315
793702
754699
643137
674967
1235359
653729
595960
725475
479998
566081
702605
616643
719574
577928
1068498
600704
577200
668672
624476
634975
594718
574318
632755
626111
966159
907862
855190
2550292
995860
905478
2547100
1061625
979700
1037560
975325
1384368
1065369
2631294
961527
932767
991481
2511968
914537
809545
2292921
964308
935643
990495
1310455
871084
944909
2592216
877702
801730
952200
932515
856883
841512
930599
2535519
596196
527374
466177
961083
936850
882482
942190
956127
931550
922194
885084
807266
928028
2411098
971724
895394
924793
961360
1078688
944245
600934
573019
618682
556675
576802
549684
557643
542474
918851
507994
539041
912438
939531
845407
2486018
958217
959062
926813
1104193
959989
623627
786080
563484
557329
636923
552077
552694
499463
547416
1727753
973209
872748
2531020
995743
579994
566134
607857
568720
551414
585975
511686
559058
547918
899688
551434
465812
843652
618475
1000179
1080056
2336686
876830
1300489
910238
935684
1071573
945805
519763
483373
571871
542190
572712
524008
474555
553510
986305
977785
813006
2470885
960549
902097
2386381
747817
914221
992117
963549
994654
929155
3586195
578678
574862
440321
575100
945845
889086
2396067
955492
991747
690747
548845
449972
537749
593817
565862
566021
584485
562962
545045
531767
425679
976892
939566
898566
928787
571219
601966
577063
558369
671697
1193090
596759
585829
485221
576465
568932
947826
906022
2339238
1007554
1090487
1257169
943312
934465
1047778
957483
964151
925651
994673
2567902
1212167
867325
956876
1023224
1013296
897726
1016762
962038
2047485
886728
927791
960735
1255434
2752703
1129490
1151974
2770289
1348259
964125
959459
2634148
956630
939155
1029409
948178
971645
901014
2451415
1255633
987315
1063969
1033368
945319
766645
2465582
957421
855797
946928
1015761
1003577
1276700
3800737
1027264
1063337
988074
1193267
1062637
965980
2960581
1147678
915235
925002
2504103
1283010
989797
2581242
1086097
1270065
4201429
966594
3002574
982003
2921387
1078550
969942
953396
881343
622037
1329383
1549306
593073
1061951
979986
1058785
665715
655622
2862484
1674329
965130
1147722
966936
983028
893531
1010226
1312386
985275
3946534
1109211
1181233
980321
3424461
1165687
1124455
971368
1349054
996009
875194
909196
2544775
913958
890607
907291
952200
930395
868598
1201079
897784
959786
1731882
967657
937853
933792
2447526
813882
828998
924734
955902
964886
857563
2591030
1127514
962359
884230
926980
1190238
1006216
2493617
958729
969101
1605124
881094
917960
868865
4577125
1005550
954106
1449327
2711396
961701
908687
2713186
812074
965448
966605
1114002
1132238
1130178
2471493
1508103
1051926
996434
1136110
975971
891861
1007001
967091
903135
889505
1115102
1314420
1080698
982260
1434008
1124153
1076582
1028560
3197816
1039764
979593
969674
1354299
966703
1193709
962400
939361
824911
978660
1349697
873307
1025857
963849
854779
936845
1214570
926011
1191712
1029800
2050178
1079244
3825771
3457217
2523827
963697
916481
2742012
772591
922891
939801
622369
604534
643363
752434
714111
1001333
522569
595871
585950
575331
2658750
953548
1475627
1194946
1392643
956525
957908
2530802
944742
888893
1030534
2431904
993168
2250220
2826911
1175466
1342358
1825151
1220941
1194340
1694725
2278889
986346
1026449
954693
2620783
1571210
1214939
1102936
586954
555230
539143
429116
588837
555893
581232
948725
945150
899933
1032613
961776
767504
1026629
2506633
985272
1218793
1055430
1123615
1996099
1992368
1116272
1119276
1031952
1430168
933468
899488
980313
2536605
1203432
789819
937534
967505
884716
916921
2506559
976155
906296
893105
919913
913082
946556
2457159
945937
926562
993443
948863
913415
795042
2504134
958036
873464
898178
2501035
943099
945335
2656367
922162
952411
966413
965998
841759
925655
2473960
972898
990788
827989
2672279
1097283
1194445
2593330
2078871
971208
956783
939526
769265
995081
2453527
889183
813284
851083
940500
965737
918199
743963
2454411
958663
919836
800205
2494699
908764
913038
2420728
764014
887598
949479
979989
844907
2277509
2559035
986460
853454
754473
2518663
915834
945377
2311736
912841
909742
880317
957172
949443
949735
2607862
960243
843878
947668
2523655
924496
859846
2425012
954186
914242
918796
1027708
988919
920867
2534886
955378
736393
910078
2394918
872076
819017
922767
949945
991085
856102
902269
943694
944857
2652523
941657
958740
959678
2430231
862974
872693
926436
974798
890401
547376
620843
632936
572375
587243
599367
646866
592975
550730
960052
894149
920917
2509131
973864
759757
973408
949980
893992
840248
2407794
970679
886855
827307
917243
931626
981732
2496074
831141
943099
977384
948492
828335
853537
2501592
869105
892280
808704
2649964
1030335
959362
2550338
785567
879400
879422
957724
841723
953240
2572852
954149
927342
832089
2587383
945017
949610
2459458
944834
896871
944641
927865
780174
916368
2512694
926552
1059840
883672
967909
962263
861659
763519
2462053
975472
854907
942179
2522743
909283
944944
2463714
1462138
942358
968029
938663
820738
937368
2537384
951947
836523
790425
2440052
952337
916765
2220802
1048009
1015469
930063
948713
764334
1005361
2494613
934620
871218
884930
2505114
914345
897014
1768604
641712
633742
621831
622567
595951
622117
616261
952922
792287
900525
2458896
877958
802578
970700
967724
961641
933193
617930
641557
587186
554939
736338
580745
930793
2476707
963482
785974
621462
634901
627945
538099
687934
657793
566210
542156
629106
965387
917172
917551
916630
984759
936415
2444827
850565
727890
954759
943624
855001
820662
2496732
956631
869296
928821
2581056
933961
958848
2436184
874083
958426
954563
966071
856064
757287
2481509
953586
918295
923207
2504021
945417
912527
2401429
909660
972362
934298
937627
844680
947971
2471724
950072
830600
835483
2526247
907303
918448
2414694
958120
911109
968359
945539
708287
910878
2430166
987163
898941
948903
909989
922930
958119
739849
2599781
942042
960530
2440855
949580
912310
903076
924873
5078661
951874
933028
952915
844042
946126
2562313
955879
1020615
719612
2494822
924043
917409
2477717
962529
902914
991624
953049
841987
961947
2372621
939030
840309
980397
2486938
907332
964622
2233417
964951
958447
959385
952965
937232
941626
2408992
945809
713942
986673
2438767
883808
933637
946383
640736
635765
604769
599318
613280
608312
578349
702114
606672
620686
586561
632465
459282
604968
651348
621617
542944
622076
586049
601721
627238
478909
603808
631118
589769
590517
593274
640774
605359
571757
602895
620887
614949
554870
539551
607086
623060
607218
619139
476581
598560
631267
575069
546990
590496
639790
566002
537070
491678
634818
637755
643441
637944
633982
576848
641610
633860
565566
622750
677276
549377
555374
980867
745296
659179
688530
629602
652985
649028
654058
637520
660177
646316
653552
650849
829777
1042386
788063
599972
666033
549257
600246
670159
603108
525306
669329
591930
759560
533287
734870
689669
583906
582701
813144
700256
575364
543397
542257
611796
559070
546515
1132391
529394
551829
535849
567289
557307
546502
604918
598839
690604
636845
670386
601193
595144
578759
556311
599350
754187
1035221
672130
659688
571910
589612
613930
554002
2022670
561608
527114
539743
560409
513048
545229
623499
945499
976832
950748
878011
730296
2554825
946982
891015
826476
2632310
964391
919279
2680686
738908
966155
947465
984101
831124
1038221
2478847
1085303
895583
724929
2471773
950432
966240
2522496
1001856
951589
941047
835003
959698
964596
934159
2454162
837938
1009822
900186
956566
957965
743958
2544931
953225
965788
843311
2647280
886077
1082860
2544537
764673
888733
927147
990131
927528
1026889
2567313
975859
846273
733732
2491098
934506
1122473
2409880
1008484
960999
911550
963806
735904
914301
4265052
947622
861876
1066711
2435714
854454
955119
2283141
959259
941685
965673
937361
1042423
916868
2449331
931886
745817
958332
2556873
861678
1078879
1046301
970629
978862
878922
2339508
960849
989130
900647
941091
1047664
956292
849355
1084012
738209
977523
2457364
969548
1054928
1545145
1032710
939240
904664
965993
981735
940818
967256
971441
959884
564454
578572
513197
466176
586091
578997
520737
502064
625005
541840
572079
499146
600944
599830
672469
581127
525595
845056
585048
2473518
879883
533047
774133
1738187
604962
574858
604854
779185
581310
526342
598030
589807
546384
1313213
509120
576977
3207821
990924
1129575
1396529
2600835
971149
661541
536551
650332
625421
616523
555209
485412
628536
586898
624259
574266
618268
608732
648365
612424
1067093
2426459
1138368
2080525
1151836
3022847
1076615
1168112
2342808
1175783
1001991
999804
965230
892965
1016015
2505069
971472
939413
871166
2472314
952549
847360
2491797
975978
939293
940983
1276103
960815
1139023
3201144
1033345
958247
1085812
2592710
971590
833086
2322944
967470
880311
1230696
971011
884794
930802
2460689
1069097
794003
893074
890062
860944
810225
930139
977136
938954
823786
2321561
901638
891016
2599058
935286
940810
916830
900714
877736
710200
978682
947553
866661
815370
2424410
880224
920885
3626665
1257724
923672
922211
2418162
813695
914917
960173
909972
850100
781857
869841
956302
902743
824379
2492697
962307
1064045
885446
971599
963306
961157
2504682
874821
1117466
914436
987493
904684
763761
2481664
952280
872090
802895
2395674
985556
907331
2485829
753966
930814
906773
970218
800931
856266
2508566
948665
824158
763444
2792131
913714
861331
2243373
954092
872688
883617
924520
764988
896403
2304815
965678
784202
930998
2440543
868365
804103
2272621
574905
548624
509460
775991
490627
508530
514188
563673
475948
536647
490927
568136
444267
523588
514921
529681
488412
419382
545910
566704
505066
896087
1054332
890985
855332
954237
796958
874537
2469395
880937
862983
874012
952042
913996
839575
875881
947827
871220
838125
938963
969612
868101
2437270
898653
831494
925538
942376
862307
916117
2476578
964969
863261
842466
945119
895928
885825
2436050
940110
846364
932386
2437558
876297
783393
870920
965618
871422
907791
2475157
911671
1286680
882428
760368
2443974
915774
823389
2362629
940631
899519
958332
963349
762105
829556
2493804
916820
781441
920931
2490631
942130
900839
2293230
945866
890866
1010641
933766
870153
839907
2483179
911344
750098
903634
2463543
908993
823256
863678
945860
845029
927116
2477362
997027
939499
932031
913602
873373
876748
908473
976953
767639
903751
2389158
918633
805668
1960794
897482
907209
824902
900894
924288
902242
913500
907176
937232
889897
2432749
871530
784986
850505
942942
858447
772561
2416968
940218
957481
992346
935672
946052
918876
2344681
893113
896371
874979
2462542
865129
757699
954889
964157
976867
489838
569262
565369
521299
2361326
991402
506713
540268
559773
444727
512493
577795
513101
518097
439785
522083
557984
501819
464508
500246
860555
906999
922273
938029
906059
893832
2629441
471787
512823
557598
518275
494406
405401
538984
537641
502163
455869
536157
915231
971848
2470105
779072
964455
901802
947304
859902
865903
508943
533639
469719
450135
557872
516460
543264
573644
1351588
911592
520461
538669
408841
531957
515335
534653
445129
518212
553370
527576
484658
443452
564436
512779
524197
946157
935036
540563
542582
474548
453491
525751
477889
533899
473492
567816
540438
512920
522475
440779
957332
873779
846925
999037
898209
912222
936734
544230
469096
523189
557197
514523
479298
546283
527216
12379993
521778
881240
920928
973401
946464
927145
897153
863986
540873
512965
412296
540100
530404
527944
462590
496266
536633
590880
682416
677415
945860
891637
541025
504184
553402
547750
543190
517601
432189
548309
590533
537836
475954
535544
573866
511581
627076
676945
1019107
1120438
1196526
1057177
753579
743015
592890
567436
582754
542442
544729
537452
564050
570971
900320
965778
883031
944568
926261
596044
589506
542353
574639
560258
665847
528640
445289
541789
572877
1816333
503002
568648
971463
974743
2446705
827344
937474
891864
870069
822320
929641
2544548
964581
832781
813608
2453737
1127203
884453
2535759
955402
908941
886308
2426952
512012
930742
2464848
937765
818618
926937
1004189
942938
811175
2505721
963522
975901
908709
962724
963017
934272
2441061
549628
779915
605711
2494182
934953
854900
892920
1221874
974257
862613
906545
981988
914589
2486432
787385
907475
903969
911554
943439
716336
1098831
2543812
884337
867811
930712
1192196
