21138671
17193972
14111670
12857308
11733037
11375104
11252220
10917067
10799198
10323493
10265287
10073022
10058177
10042402
10019033
9886800
9697340
9442999
9116807
8933311
8735863
8570604
8570070
8529730
7923288
7901226
7876968
7805509
7758263
7608419
7572692
7366528
7344362
7307241
7297108
7289488
7283058
7238913
7220318
7145050
7137659
7131436
7103370
7096153
7088860
7027698
6946698
6866234
6848635
6782536
6773758
6766055
6764908
6704867
6649523
6644551
6639328
6598922
6585272
6570080
6557742
6490721
6468505
6388515
6376609
6372642
6178336
6176801
6159493
6133782
6008045
5952560
5936824
5918010
5887338
5873913
5868960
5800258
5777278
5758290
5700763
5696527
5665485
5640715
5636935
5635253
5628436
5588729
5569648
5552804
5550373
5533830
5508143
5468678
5455349
5450092
5443482
5417414
5405994
5387863
5375909
5354608
5330687
5324146
5323146
5278884
5275636
5272794
5256480
5238033
5214089
5200518
5194278
5185712
5178388
5170559
5145970
5144323
5130492
5119037
5116756
5110359
5085305
5071832
5069658
5066337
5053469
5045487
5043016
5036068
5033785
5016816
5014705
5013203
5008791
4990547
4982935
4982374
4976365
4973325
4965034
4925833
4908204
4898986
4896601
4867599
4865736
4864836
4856973
4850959
4835564
4833513
4823083
4811791
4807800
4798990
4773588
4765730
4729970
4723506
4719003
4702639
4699639
4697208
4677300
4671391
4667648
4663188
4655091
4654965
4645533
4644454
4641093
4636038
4634751
4622248
4616492
4614578
4598546
4595500
4595172
4553211
4550589
4544915
4526889
4523403
4519873
4518777
4515808
4507652
4503668
4470027
4462113
4458657
4451830
4450641
4444273
4441263
4419491
4412814
4412792
4411671
4405770
4368449
4351114
4342363
4331741
4325999
4321766
4312922
4302662
4276412
4262868
4239201
4236681
4229756
4228304
4226293
4226148
4210000
4202190
4198727
4197218
4195316
4190869
4188789
4181659
4171579
4167299
4162483
4150376
4148471
4142393
4126983
4126343
4124224
4121747
4112904
4101329
4096106
4096075
4094871
4082550
4079530
4072500
4072156
4071185
4069078
4053082
4049939
4048077
4016899
4011252
3999447
3994449
3994381
3993429
3990874
3980643
3977448
3975411
3968474
3951225
3939138
3929206
3917847
3914574
3898703
3896173
3878605
3869868
3829073
3828481
3819717
3811401
3808630
3804051
3796220
3793770
3793246
3791048
3778574
3759133
3757476
3751407
3748734
3747131
3738443
3730304
3727802
3726087
3724000
3715047
3714722
3707104
3704735
3702118
3695737
3686593
3660439
3652803
3652072
3650144
3645844
3641003
3639644
3629053
3627801
3623817
3619896
3617158
3615913
3612110
3607620
3596564
3592671
3590940
3589554
3589244
3588990
3584127
3581875
3581111
3579302
3573804
3571970
3566915
3555850
3549282
3547058
3546326
3537246
3531206
3529485
3527431
3517979
3509887
3506946
3503035
3498788
3491574
3487762
3470902
3466605
3461999
3456849
3454108
3447611
3432855
3430689
3429346
3418993
3414008
3413414
3412619
3404812
3400512
3400204
3399536
3398743
3398042
3396218
3390758
3386057
3380992
3376710
3373702
3363922
3363474
3360607
3358519
3356720
3353030
3349996
3348036
3340335
3328043
3326704
3325036
3316480
3315089
3309544
3302126
3301485
3300794
3299898
3298284
3296395
3295712
3290092
3289938
3286324
3285272
3283387
3278026
3277438
3276567
3276391
3269556
3263657
3261433
3261034
3258236
3253946
3253912
3248009
3246532
3245481
3243917
3241497
3238940
3232895
3231605
3230578
3229345
3229345
3220144
3219415
3217964
3217620
3216138
3213275
3208271
3207375
3204545
3204111
3203486
3201575
3201212
3200918
3198568
3197694
3195936
3191914
3186487
3181161
3173630
3172607
3168026
3166856
3165545
3163765
3161791
3158324
3152607
3151183
3146505
3144138
3144122
3141650
3140754
3137786
3133756
3127562
3126587
3121090
3119004
3117405
3115421
3115170
3113510
3113260
3111493
3107963
3104091
3102918
3099210
3096420
3096126
3095198
3095082
3094020
3093320
3093009
3090888
3082841
3081011
3079538
3077174
3076120
3071164
3063900
3060220
3055876
3055603
3052761
3050281
3049429
3049056
3045590
3041394
3040963
3034956
3034275
3026901
3026072
3024744
3022014
3021094
3016605
3015916
3015138
3012916
3011956
3010703
3010192
3009571
3009314
3007891
3007707
3006397
3003472
3001522
2999230
2997465
2996388
2994861
2994376
2988796
2987437
2985546
2982656
2981874
2981423
2979551
2979181
2976295
2974387
2974054
2972672
2965341
2962000
2961365
2959877
2959330
2958234
2957759
2957007
2955322
2954067
2950575
2949820
2949769
2948822
2946286
2945638
2940134
2939072
2937609
2932324
2930564
2930536
2930257
2929984
2925762
2922982
2922865
2921909
2921500
2914525
2913342
2913287
2908028
2906636
2905962
2900482
2900262
2900180
2898358
2897089
2896250
2895376
2893096
2890331
2889076
2883859
2881764
2881536
2881415
2881279
2881254
2878256
2872207
2869918
2869439
2868096
2865613
2861039
2858401
2858367
2856379
2852337
2848371
2847655
2845519
2844440
2842443
2840243
2836096
2835014
2832599
2831909
2829824
2827410
2826548
2823506
2823205
2822729
2822412
2822308
2821466
2819883
2817966
2816540
2815183
2812251
2811598
2806727
2806225
2805838
2804459
2803547
2801018
2800585
2800065
2798717
2798430
2797662
2789290
2788055
2784625
2784222
2784085
2783431
2779720
2779425
2779239
2778944
2777880
2773116
2771836
2770298
2769476
2769337
2767498
2766154
2765185
2764844
2764825
2764499
2764422
2763614
2763368
2762703
2761627
2759568
2759260
2758517
2757628
2754197
2753651
2753339
2752964
2751219
2749973
2749082
2747430
2744296
2743697
2742052
2740904
2738841
2737122
2733556
2733401
2733356
2732420
2731427
2731261
2730876
2730422
2730077
2729385
2728408
2728221
2726694
2724932
2724421
2723655
2723550
2722420
2720838
2718701
2716500
2715989
2715479
2712835
2711585
2711075
2708843
2708787
2704690
2703606
2699073
2699032
2698819
2698637
2698270
2697919
2694378
2692492
2689396
2684363
2682700
2680991
2673143
2669897
2667808
2663348
2662503
2662482
2661316
2656395
2654632
2652578
2652040
2651661
2650671
2647774
2646810
2644873
2643269
2641562
2640748
2639765
2638846
2636989
2630491
2628085
2627555
2627473
2625801
2623596
2621478
2620861
2618840
2615092
2614489
2613184
2611703
2610083
2609434
2608322
2604691
2595712
2594620
2594249
2593390
2593121
2591414
2589498
2589357
2587630
2586725
2585477
2584304
2578026
2577168
2569326
2568538
2568351
2568006
2563586
2563366
2563233
2562277
2561018
2560172
2558724
2558236
2556347
2554530
2554422
2547364
2546014
2544834
2543706
2542373
2541356
2541219
2538671
2538509
2537465
2537154
2536774
2536639
2536193
2535392
2533413
2532934
2531820
2530452
2526901
2520432
2516380
2514830
2512657
2511233
2509967
2509052
2508356
2505744
2504854
2504676
2504196
2502726
2500275
2498875
2497828
2496539
2494568
2490845
2490159
2490093
2488844
2485480
2483145
2482857
2482597
2482335
2479005
2478309
2477531
2477051
2474492
2472527
2472137
2471438
2471066
2467805
2466124
2466073
2463882
2463121
2462507
2460741
2459597
2459516
2459422
2458902
2457687
2457159
2453587
2453127
2452929
2451999
2451114
2448126
2447972
2447950
2446984
2445729
2442735
2442606
2442369
2441508
2440478
2440214
2439649
2438864
2438547
2434995
2434611
2431826
2431507
2430167
2428524
2428177
2425778
2424261
2422766
2422076
2421147
2421131
2420490
2418957
2417740
2414635
2413334
2403841
2402315
2402285
2401807
2401471
2400997
2400802
2399492
2398404
2396310
2394335
2393697
2393103
2390763
2388631
2387039
2386197
2385854
2385383
2381844
2381439
2380563
2380123
2378315
2378198
2377930
2376664
2376425
2375615
2374474
2374365
2374238
2373151
2370697
2370127
2368812
2367090
2366398
2366038
2365853
2365246
2365168
2363829
2359643
2359447
2358860
2357271
2355659
2354084
2350858
2349204
2348661
2348572
2348375
2347599
2346791
2346660
2346613
2344510
2343970
2343539
2343096
2342808
2339157
2338463
2338336
2337389
2336634
2335698
2335387
2335354
2334980
2334679
2334670
2334122
2332265
2332151
2331923
2331489
2330795
2330244
2329971
2329279
2327163
2326485
2325578
2322743
2320140
2318292
2317228
2316509
2315789
2315353
2314713
2310756
2310701
2310160
2310029
2308075
2308021
2307993
2304146
2304080
2303545
2303054
2302908
2301784
2301539
2300476
2299923
2299167
2298298
2297919
2297351
2295731
2294157
2293723
2292316
2292182
2290709
2289385
2288512
2287884
2287326
2286996
2286965
2286102
2285737
2285432
2285303
2284976
2283692
2283195
2282966
2282117
2281915
2281741
2281584
2280733
2279063
2278860
2278330
2277689
2277590
2277284
2277128
2277004
2276262
2273613
2273339
2273208
2273030
2272770
2272414
2272037
2271142
2270661
2270061
2269393
2269315
2267185
2266644
2266565
2265920
2264593
2263106
2262608
2262593
2261814
2261737
2261445
2260292
2260187
2259974
2259817
2258830
2257884
2254925
2254686
2254580
2254342
2253703
2253104
2253082
2249541
2249247
2249242
2248859
2248624
2248179
2248039
2247177
2245929
2245040
2244742
2244515
2243852
2243514
2243182
2243139
2242687
2242564
2242263
2240712
2240625
2238310
2237987
2237494
2237226
2236889
2235397
2235016
2234003
2233790
2233382
2232384
2231511
2229289
2229219
2229208
2229141
2228882
2228037
2228019
2227772
2227702
2227691
2227677
2226574
2225605
2225471
2225223
2223848
2223063
2222668
2221692
2221610
2219571
2218866
2217408
2217190
2216096
2216054
2215700
2215444
2214511
2214027
2213539
2213300
2212064
2212016
2211810
2211726
2211655
2210545
2209161
2207425
2206858
2206212
2205263
2205147
2205107
2205065
2204745
2204721
2204163
2203926
2203748
2203252
2203163
2202099
2201852
2201817
2201671
2200347
2198225
2197867
2197266
2197189
2194841
2194274
2192870
2192747
2192189
2191496
2190940
2188665
2188512
2187672
2187198
2186616
2186374
2185139
2184652
2184506
2183955
2183942
2182966
2182574
2181942
2181663
2180823
2180237
2179527
2178881
2178472
2178063
2174505
2173486
2172898
2172804
2172688
2171704
2171235
2168511
2168311
2168105
2167537
2166270
2165999
2165348
2164770
2164264
2163166
2163089
2162768
2161537
2161318
2160838
2160230
2160124
2159804
2158181
2157392
2156404
2156161
2155782
2154456
2154055
2153634
2153367
2153143
2152670
2152578
2152508
2150816
2149586
2149504
2149033
2148323
2148008
2146936
2144090
2142418
2142157
2142001
2141673
2140750
2140652
2140607
2140573
2140341
2140324
2139970
2139849
2138348
2138327
2137049
2136853
2136686
2135872
2135836
2134496
2134353
2134335
2133107
2132784
2131430
2131238
2129644
2129303
2128960
2128421
2128355
2128181
2126010
2125702
2124701
2123126
2122972
2122749
2122706
2122491
2122409
2120404
2120229
2119229
2119139
2119040
2118452
2117966
2117880
2117804
2117274
2116720
2116515
2115907
2114952
2112413
2112044
2109324
2106933
2106035
2104213
2103892
2103886
2101064
2097109
2096687
2096277
2095855
2095785
2091566
2091390
2089870
2089363
2088980
2086161
2085765
2084610
2082577
2078548
2077963
2077093
2076168
2076126
2075840
2075567
2073924
2072691
2072414
2071263
2070316
2069957
2068414
2066558
2066468
2065468
2064417
2063048
2062273
2061394
2059365
2057501
2055977
2054990
2054910
2054654
2053145
2049719
2049576
2049232
2048137
2047104
2047007
2045386
2043544
2042378
2041110
2040076
2039462
2038576
2038536
2036151
2035866
2035352
2035014
2034362
2034059
2031552
2029803
2028122
2027302
2027229
2027103
2026733
2025128
2025011
2024198
2022838
2022685
2022102
2021322
2021172
2020690
2018446
2017648
2017377
2014474
2013125
2013124
2011581
2011358
2006189
2004307
2004199
2002967
2002851
2000582
2000065
1997389
1996320
1993194
1992875
1990657
1989244
1987795
1987675
1987043
1986630
1985896
1983668
1983184
1981130
1980699
1980676
1979730
1977843
1977546
1977499
1976638
1975923
1975790
1974814
1973660
1972532
1965179
1964864
1963989
1959123
1956948
1956896
1955392
1955031
1950835
1950435
1950394
1950132
1949505
1947808
1945161
1944239
1944171
1942889
1942233
1938482
1936035
1935857
1933858
1933822
1932850
1932018
1931297
1928126
1927226
1926870
1925302
1924763
1924475
1923840
1922234
1921415
1920980
1920666
1919970
1918970
1917327
1916511
1915513
1915014
1914690
1913357
1912262
1911489
1910925
1910819
1909930
1908403
1901319
1898525
1897633
1897416
1897225
1896334
1894717
1893895
1890383
1887690
1886876
1885917
1884186
1879803
1878504
1878141
1877055
1876273
1875306
1874139
1873399
1873343
1872561
1869477
1869389
1867803
1867617
1867005
1866993
1861963
1861894
1861700
1858928
1858049
1857945
1857493
1856188
1855398
1853951
1851999
1850961
1850760
1850246
1850236
1849830
1847828
1847453
1845829
1844101
1842035
1841362
1841055
1840621
1840533
1839177
1839154
1838366
1837393
1837358
1837191
1837119
1836612
1834154
1831925
1831679
1831646
1831430
1831305
1830042
1829301
1828985
1828341
1827745
1826906
1826853
1825294
1824470
1823261
1823156
1821419
1821001
1816048
1815351
1815212
1814831
1814809
1813283
1812550
1810405
1808370
1808297
1806662
1803330
1802653
1802263
1801968
1799891
1799786
1799653
1799507
1795554
1795306
1794293
1793735
1793285
1793265
1789299
1787714
1784281
1783588
1783523
1782481
1782402
1778753
1778560
1777152
1776555
1776447
1776353
1775148
1774434
1772024
1771937
1771707
1771354
1771084
1770762
1766818
1765339
1765078
1764163
1762470
1762345
1760686
1760620
1759862
1759640
1759179
1757620
1757261
1756512
1755059
1751838
1751451
1749692
1749614
1748979
1747305
1745901
1745761
1744248
1743558
1742924
1742552
1741899
1740189
1740111
1739821
1739415
1739358
1738840
1738343
1737525
1736927
1736736
1731557
1731052
1728354
1727971
1726102
1725851
1725191
1724887
1724584
1722106
1721267
1721139
1720112
1719211
1718333
1713595
1713560
1713412
1711720
1711584
1710814
1707953
1707224
1707059
1706634
1706259
1706152
1706093
1705380
1704673
1704662
1704467
1703562
1700542
1700383
1699256
1697117
1695643
1693890
1693407
1693367
1691588
1691521
1691024
1689146
1687785
1686165
1685387
1685060
1684933
1683052
1682334
1680501
1679463
1678665
1678516
1678301
1677499
1676395
1675959
1674771
1673101
1672916
1672679
1672483
1670699
1670446
1670238
1669769
1669721
1669361
1668619
1667382
1667116
1667012
1666620
1666335
1666092
1665992
1665696
1665556
1665235
1664665
1661855
1661314
1659330
1659160
1658627
1657831
1657136
1656672
1655886
1655642
1652991
1652934
1652879
1652441
1651067
1650578
1650299
1650133
1649561
1648946
1648738
1648672
1647045
1646772
1644903
1644572
1643926
1642922
1642410
1641462
1639053
1638790
1638327
1638290
1637760
1637062
1636712
1636256
1635774
1634917
1634565
1634422
1631702
1630839
1630626
1630617
1630299
1629374
1628718
1626596
1626251
1625723
1625717
1625569
1625527
1624792
1624354
1624088
1623200
1622783
1622658
1622639
1621056
1620042
1619644
1618802
1618471
1616428
1615044
1612488
1612283
1611763
1611660
1611043
1609833
1609641
1609201
1608840
1608170
1607669
1607547
1607448
1607159
1607042
1606527
1606316
1604481
1603203
1602886
1602849
1602528
1601950
1601848
1601423
1600821
1599627
1598867
1597776
1597414
1597311
1597052
1596610
1596419
1596253
1596134
1595950
1595857
1595779
1595515
1594488
1593940
1593732
1593648
1593377
1593004
1592742
1592315
1591025
1590641
1589354
1589042
1584735
1584223
1583973
1583622
1583537
1582847
1581655
1581189
1580816
1580805
1580777
1580678
1580594
1580349
1580045
1579783
1579679
1579659
1579523
1578815
1577345
1577286
1575678
1575538
1575187
1575174
1575070
1574356
1573709
1573450
1572214
1571748
1571518
1571081
1570907
1570536
1570418
1570364
1570067
1569892
1569188
1568225
1566070
1565464
1565182
1564511
1562505
1562421
1562005
1561744
1561410
1561091
1560825
1560541
1560474
1560433
1560431
1559948
1559682
1559313
1559299
1558209
1557140
1555949
1555946
1555172
1554796
1553485
1553157
1552392
1551492
1551307
1551206
1550366
1550340
1549731
1549467
1549194
1549064
1548827
1547539
1547385
1547186
1546422
1545620
1545257
1545030
1544705
1544399
1543864
1543735
1542844
1542782
1542421
1542174
1541415
1540889
1540659
1539824
1539193
1539044
1538466
1537821
1537652
1537188
1536848
1536666
1535301
1535036
1534846
1534735
1534688
1533954
1533505
1532849
1532841
1532722
1532718
1531663
1531474
1530360
1529900
1529711
1529454
1528459
1528296
1527819
1527614
1525816
1525542
1525168
1524938
1524731
1524524
1524271
1524191
1524063
1523969
1523686
1523505
1523472
1522752
1521108
1521019
1520566
1520475
1520088
1519886
1519831
1519727
1519536
1519321
1519296
1518918
1518889
1517871
1517452
1517149
1517034
1516822
1516427
1516269
1516005
1515630
1515482
1515200
1513793
1513425
1513064
1512701
1512358
1512183
1511703
1511574
1510577
1510231
1510103
1509788
1509385
1508823
1508727
1508463
1508022
1507877
1507713
1507119
1506950
1505980
1504754
1504372
1504165
1503126
1503009
1502770
1502743
1502455
1502392
1502154
1502104
1501386
1501003
1500485
1500400
1499864
1499384
1498842
1498070
1498025
1497985
1497935
1497651
1494976
1494486
1493444
1492779
1492389
1492230
1492189
1491551
1491437
1491306
1490789
1490322
1488979
1487216
1486826
1486611
1486249
1486243
1485805
1485648
1485281
1484951
1484717
1484554
1484397
1483839
1483624
1483294
1483195
1482031
1481877
1481147
1481054
1480981
1480680
1480476
1480468
1478893
1478764
1478704
1477765
1477589
1477337
1477143
1477120
1476629
1476486
1476135
1475317
1474831
1474764
1474360
1474217
1473449
1473375
1472761
1472687
1472594
1472338
1471899
1471484
1471120
1470752
1470727
1470642
1470499
1469760
1469528
1469353
1469272
1468942
1468890
1468276
1468234
1466918
1466718
1466153
1465742
1465485
1465071
1464829
1463963
1463720
1463632
1463557
1463111
1463028
1462871
1462743
1462629
1462415
1462087
1462083
1461702
1461413
1461300
1461225
1460667
1460308
1458970
1458023
1457983
1457823
1457803
1457701
1457358
1457176
1456265
1455398
1455394
1454982
1454888
1454676
1453859
1453562
1453543
1453220
1452512
1451957
1451618
1451548
1451342
1451289
1451201
1450872
1450866
1450726
1450439
1450155
1449719
1449654
1449572
1449405
1448902
1448345
1448083
1447781
1447278
1446743
1446328
1446126
1445619
1445407
1445194
1444883
1444869
1444788
1444716
1444407
1444292
1443948
1443857
1443796
1443431
1443141
1442797
1442749
1442660
1442482
1442234
1441798
1441769
1440927
1440410
1440239
1439986
1439952
1439836
1439700
1439561
1439302
1439164
1438639
1438530
1438462
1438152
1437306
1436786
1435337
1435294
1434826
1433368
1433129
1432768
1432630
1432525
1432384
1432327
1432119
1431954
1431918
1431866
1431772
1431756
1431557
1431389
1431029
1430729
1430440
1430284
1430261
1429865
1429721
1429366
1429174
1428789
1428736
1428563
1428356
1428068
1427672
1427520
1427444
1427368
1427028
1426972
1426511
1426479
1426442
1426363
1426314
1426130
1426112
1425933
1425009
1424606
1424550
1424156
1424154
1424119
1423949
1423588
1423462
1423308
1423173
1422782
1422382
1421902
1421849
1421555
1421223
1421167
1421141
1420944
1420506
1420466
1420438
1420169
1420164
1419574
1419101
1419073
1419049
1418943
1418346
1418096
1417944
1417709
1416852
1416694
1416325
1415966
1415817
1415810
1415646
1415291
1414709
1414272
1413927
1413884
1413278
1412936
1412643
1412585
1412523
1412513
1412196
1412191
1412065
1411970
1411859
1411784
1411651
1411459
1411359
1411095
1411071
1410881
1410605
1409933
1409906
1409736
1409595
1409498
1409391
1409231
1409155
1409031
1408868
1408702
1407831
1407682
1407620
1407291
1407228
1406989
1406426
1406223
1405724
1405560
1405018
1404399
1404359
1404050
1403807
1403746
1403442
1403427
1403322
1403060
1403005
1402620
1402552
1402450
1402449
1402159
1402070
1401990
1401569
1401558
1401431
1401380
1401318
1400641
1400621
1400343
1400310
1400220
1400161
1400095
1399102
1398539
1398185
1398172
1398112
1398063
1398035
1397936
1397910
1397866
1397827
1397735
1397496
1397129
1396714
1396565
1396442
1396376
1396311
1396285
1396238
1395811
1395564
1395458
1395327
1394933
1394633
1394552
1394073
1394032
1393998
1393749
1393644
1393562
1393168
1393138
1393005
1392670
1392588
1392454
1392003
1391785
1391753
1391710
1391639
1391629
1391361
1391026
1390882
1390276
1390010
1389924
1389835
1389823
1389807
1389656
1389364
1389354
1389336
1389250
1389109
1389038
1388850
1388837
1388779
1388254
1388159
1388015
1387915
1387893
1387598
1387477
1386856
1386368
1386279
1386267
1386137
1386087
1385926
1385586
1385450
1385408
1385374
1385258
1385132
1385123
1384618
1384549
1384473
1384417
1384290
1384222
1384054
1383976
1383529
1383212
1383209
1383057
1383056
1382860
1382786
1382695
1382617
1382177
1381810
1380924
1380729
1380442
1380320
1380131
1380048
1379951
1379683
1379574
1379524
1379358
1379012
1378602
1378264
1377914
1377897
1377273
1376357
1376195
1376003
1375836
1375693
1375642
1375519
1375148
1375020
1375002
1374890
1374848
1374657
1374472
1374318
1374159
1373951
1373747
1373634
1373183
1372764
1372328
1372295
1372224
1372166
1372007
1371870
1371829
1371698
1371323
1371297
1371081
1370915
1370865
1370812
1370773
1370491
1370298
1370024
1369482
1369456
1369423
1369409
1369303
1369291
1369233
1369223
1369054
1368976
1368937
1368642
1368470
1368435
1368429
1368390
1368307
1368208
1367907
1367893
1367809
1367272
1367240
1367240
1366626
1366538
1366248
1365927
1365364
1365324
1365084
1364970
1364847
1364650
1364389
1364192
1363538
1363444
1363249
1362722
1362288
1362124
1361846
1361595
1361303
1360870
1360718
1360558
1360319
1360294
1360093
1359980
1359912
1359908
1359654
1359255
1359194
1358834
1358716
1358651
1358570
1358350
1358212
1358005
1357997
1357827
1357748
1357638
1357389
1357068
1356990
1356951
1356887
1356598
1355949
1355926
1355325
1355248
1355083
1354934
1354598
1354284
1354105
1353978
1353804
1353771
1353719
1353712
1353679
1353328
1353283
1353048
1353044
1352757
1352588
1352259
1352095
1352004
1351874
1351660
1351320
1350973
1350661
1350570
1349690
1349632
1349239
1349214
1349122
1348886
1348828
1348708
1348652
1348492
1348338
1348331
1348220
1348172
1347786
1347654
1347515
1347505
1347463
1347328
1347006
1346972
1346691
1346575
1346533
1346523
1345974
1345955
1345933
1345896
1345859
1345843
1345757
1345756
1345239
1345213
1344788
1344692
1344526
1344333
1344310
1344260
1344056
1343928
1343810
1343731
1343449
1343128
1342903
1342860
1342640
1342522
1342348
1341991
1341790
1341683
1341014
1340877
1340805
1340775
1340709
1340598
1340447
1340415
1340298
1339806
1339717
1339652
1339545
1339365
1339311
1339178
1339057
1339008
1338824
1338816
1338790
1338531
1338372
1338226
1338207
1338080
1337956
1337781
1337614
1337591
1337585
1337365
1336959
1336688
1336644
1336565
1336370
1335986
1335553
1335177
1335117
1334987
1334627
1334277
1334027
1333796
1333739
1333671
1333601
1333469
1333151
1332983
1332450
1332341
1332199
1332043
1332000
1331864
1331723
1331653
1331482
1330975
1330571
1330480
1330391
1330371
1330370
1329709
1329540
1329523
1329237
1329151
1329133
1329020
1328377
1328339
1328315
1327657
1327541
1327484
1327201
1327155
1326849
1326652
1326488
1326408
1326132
1325728
1325262
1325130
1325120
1325068
1324878
1324652
1324278
1324092
1324070
1323856
1323791
1323449
1323108
1323051
1323030
1322962
1322874
1322866
1322699
1322598
1322383
1322255
1322111
1321430
1320210
1320031
1319642
1319284
1318860
1318609
1318557
1318555
1318181
1317737
1317708
1317320
1317312
1317285
1317122
1316961
1316786
1316739
1316726
1316628
1315923
1315757
1315721
1315593
1315428
1315236
1315100
1315094
1315060
1315013
1314763
1314639
1314407
1314306
1313994
1313890
1313779
1313209
1313101
1312863
1312499
1312324
1312099
1311689
1311358
1310937
1310924
1310671
1310115
1310100
1309646
1309630
1309454
1309323
1309024
1308793
1308755
1308163
1308086
1307892
1307710
1307446
1307239
1307090
1306871
1306506
1306470
1306405
1305768
1305691
1305313
1305192
1305189
1304870
1304772
1304035
1303535
1303516
1303376
1303315
1303282
1303026
1302880
1302865
1302403
1301841
1301731
1301316
1301278
1300862
1300853
1300680
1300344
1300212
1299840
1299621
1299502
1299498
1299347
1299342
1299281
1298636
1298528
1298311
1297845
1297290
1297143
1297137
1296349
1296254
1295816
1295725
1295691
1295458
1295408
1295180
1294256
1294012
1293971
1293943
1293201
1293166
1292690
1292686
1292423
1292158
1292127
1292053
1291893
1291817
1291507
1291486
1291003
1290981
1290586
1290416
1290328
1290143
1289858
1289741
1289601
1289600
1289478
1289195
1289135
1289081
1288916
1288768
1288677
1288611
1288533
1288165
1288069
1288026
1287877
1287876
1287692
1287495
1287158
1287039
1286856
1286733
1285936
1285707
1285146
1285042
1285041
1284907
1284346
1284199
1284082
1283987
1283948
1283931
1283754
1283341
1283335
1283014
1282922
1282868
1281936
1281744
1281489
1281226
1281139
1280984
1280839
1280697
1280219
1280217
1280198
1279682
1279584
1279141
1278804
1278782
1278771
1278469
1278374
1278287
1278236
1277908
1277800
1277430
1277349
1277161
1277091
1276893
1276868
1276266
1275772
1275700
1275694
1275572
1275356
1274893
1274850
1274727
1274516
1274372
1274248
1274206
1274206
1274103
1274000
1273496
1272883
1272425
1272355
1272181
1272079
1271969
1271823
1271697
1271659
1271331
1270042
1269522
1269484
1268924
1268821
1268387
1268228
1268195
1267722
1267692
1267628
1267591
1267553
1267542
1267457
1267189
1267174
1267172
1267171
1267047
1266998
1266654
1266477
1266217
1266168
1265969
1265838
1265801
1265735
1265698
1265488
1264462
1264448
1264149
1263954
1263914
1263749
1262949
1262281
1262101
1261974
1261782
1261403
1261110
1261019
1260939
1260645
1260492
1260487
1260371
1260183
1260115
1260089
1259853
1259436
1258271
1257756
1257717
1257700
1257179
1257026
1256531
1256408
1256384
1256203
1256171
1255883
1255846
1255797
1255582
1255323
1255308
1255090
1254978
1254829
1254602
1254083
1253784
1253636
1253628
1253280
1252945
1252879
1252830
1252770
1252441
1252303
1251929
1251725
1251647
1251627
1251601
1251339
1251248
1251204
1251098
1251019
1250619
1249800
1249716
1249635
1249614
1249437
1249167
1249110
1249035
1248916
1248885
1248805
1248633
1248516
1248506
1248021
1247963
1247694
1247668
1247646
1247550
1247484
1247422
1247103
1246910
1246890
1246750
1246623
1246223
1246212
1246018
1245957
1245862
1245843
1245824
1245264
1245025
1244971
1244876
1244759
1244691
1244366
1244365
1244151
1244063
1243720
1243413
1243306
1243266
1243170
1242536
1242331
1242177
1242050
1241995
1241886
1241783
1241779
1241693
1241682
1241569
1241372
1241360
1241286
1241156
1240500
1240433
1240332
1239732
1239609
1239558
1239454
1238983
1238964
1238959
1238877
1238799
1238403
1238395
1238205
1238139
1238124
1238045
1237978
1237484
1237031
1236913
1236802
1236796
1236378
1236113
1236036
1235669
1235486
1235378
1235088
1234824
1234628
1234592
1234556
1234118
1233981
1233926
1233843
1233840
1233804
1233789
1233645
1233453
1233086
1232950
1232804
1232694
1232454
1232354
1232296
1232222
1231635
1231546
1231528
1231504
1231125
1230918
1230815
1230796
1230781
1230705
1230672
1230670
1230652
1230534
1230428
1230411
1230391
1230367
1230072
1229732
1229683
1229412
1229388
1229353
1229348
1229307
1229069
1228985
1228861
1228743
1228647
1228639
1228269
1228216
1228193
1228026
1227983
1227936
1227685
1227633
1227487
1227412
1227283
1227075
1226214
1226187
1226174
1225989
1225856
1225843
1225433
1225348
1224768
1224415
1224090
1224017
1223569
1223553
1223378
1223256
1223133
1223117
1222915
1222796
1222781
1222347
1222316
1221950
1221888
1221561
1221297
1221221
1220997
1220624
1220573
1220434
1220418
1220100
1220060
1220056
1219818
1219797
1219442
1219436
1219336
1219237
1219206
1218700
1218697
1218675
1218572
1218536
1218507
1218208
1218027
1218008
1217848
1217100
1216857
1216748
1216608
1216435
1216332
1216220
1216114
1215954
1215865
1215845
1215754
1215682
1215312
1215084
1214841
1214661
1214187
1213946
1213762
1213735
1213709
1213665
1213543
1213521
1213519
1213294
1213054
1212998
1212773
1212330
1212104
1211788
1211650
1211636
1211347
1211267
1211239
1211180
1211068
1210982
1210861
1210810
1210693
1210662
1210573
1210444
1210375
1210253
1210151
1210126
1210115
1210097
1209982
1209914
1209537
1209419
1209067
1209050
1208776
1208705
1208560
1208512
1208277
1207972
1207885
1207175
1207028
1207009
1206859
1206718
1206626
1206465
1206419
1206390
1206379
1205996
1205975
1205973
1205931
1205830
1205759
1205626
1205527
1205506
1205487
1205334
1205320
1205131
1205104
1204972
1204679
1204334
1204297
1204176
1204173
1204127
1203918
1203848
1203616
1203541
1203530
1203280
1203157
1203107
1202787
1202497
1202463
1202360
1202269
1202203
1202158
1202147
1201962
1201887
1201526
1201506
1201434
1201245
1201241
1201150
1201065
1200738
1200722
1200586
1200088
1199895
1199687
1199619
1199461
1199363
1199184
1199090
1198826
1198623
1198279
1198248
1198244
1198163
1198145
1198059
1198045
1197974
1197960
1197800
1197639
1197584
1197384
1196637
1196162
1195929
1195797
1195565
1195471
1195094
1194931
1194721
1194674
1194306
1194194
1194147
1194015
1193971
1193817
1193454
1193193
1193122
1192863
1192821
1192680
1192660
1192386
1192303
1192209
1192181
1192095
1192078
1191752
1191564
1191259
1191167
1191082
1190973
1190790
1190703
1190666
1190664
1190612
1190460
1190191
1190171
1189916
1189874
1189768
1189626
1189617
1189585
1189580
1189529
1189404
1189164
1189105
1188937
1188780
1188764
1188678
1188669
1188092
1187859
1187555
1187006
1186617
1186516
1186448
1186290
1186080
1185944
1185529
1185509
1185369
1185359
1185295
1185277
1185086
1185083
1185034
1184898
1184400
1184390
1184309
1184169
1184061
1183756
1183641
1183636
1183446
1183372
1183186
1183038
1182960
1182904
1182612
1182280
1182007
1181590
1181522
1181233
1181184
1181070
1180624
1179927
1179921
1179672
1179516
1179456
1179348
1179264
1179104
1179053
1178944
1178790
1178744
1178730
1178673
1178642
1178529
1178453
1178340
1178334
1178250
1178113
1177831
1177796
1177640
1177413
1177307
1177115
1176958
1176865
1176711
1176632
1176626
1176573
1176532
1176528
1176451
1176260
1176154
1175973
1175881
1175662
1175533
1175446
1175383
1175376
1175189
1175127
1174991
1174686
1174620
1174372
1174130
1174040
1174029
1173980
1173940
1173936
1173632
1173523
1173466
1173305
1173299
1173219
1173018
1172940
1172740
1172610
1172587
1172185
1171898
1171814
1171813
1171753
1171744
1171620
1171616
1171517
1171426
1171353
1171062
1170962
1170778
1170729
1170690
1170453
1170347
1170236
1170029
1169773
1169761
1169721
1169629
1169592
1169570
1169553
1169529
1169512
1169096
1169023
1168814
1168796
1168530
1168338
1168212
1168073
1167914
1167832
1167482
1167447
1167326
1167207
1166462
1166333
1166090
1166009
1165996
1165978
1165821
1165671
1165663
1165533
1165433
1165350
1165257
1165003
1164707
1164560
1164271
1164207
1164160
1163959
1163859
1163802
1163771
1163556
1163353
1163315
1163265
1163236
1163033
1163022
1162949
1162926
1162872
1162818
1162793
1162487
1162311
1162259
1162008
1161902
1161868
1161727
1161628
1161604
1161544
1161301
1161280
1161251
1161097
1161026
1160962
1160892
1160747
1160706
1160598
1160489
1160341
1160247
1160172
1159786
1159406
1159384
1159210
1159070
1159056
1158858
1158804
1158799
1158751
1158745
1158676
1158456
1158381
1158339
1158206
1157570
1157453
1157436
1157425
1157353
1157319
1157283
1157101
1156982
1156632
1156598
1156191
1156171
1156124
1155912
1155756
1155534
1155335
1155250
1154776
1154728
1154476
1154436
1154366
1154182
1154022
1153672
1153188
1153160
1153153
1152827
1152742
1152500
1152166
1152053
1152010
1151960
1151755
1151706
1151640
1151490
1151430
1151360
1151017
1150576
1150482
1150455
1150328
1150219
1150180
1150165
1150080
1149802
1149781
1149661
1149643
1149559
1149362
1149362
1149285
1149232
1149029
1148599
1148543
1148527
1148354
1148265
1148258
1148225
1148085
1148074
1147475
1147031
1146824
1146814
1146764
1146398
1146384
1146275
1146113
1146025
1145929
1145784
1145708
1145708
1145518
1145423
1145379
1145320
1145287
1145245
1145138
1145136
1144680
1144601
1144577
1144575
1144559
1144503
1144223
1143799
1143668
1143658
1143650
1143433
1143297
1143143
1143115
1143060
1143054
1143033
1142965
1142867
1142822
1142794
1142745
1142458
1142354
1142221
1142156
1142103
1142009
1141881
1141669
1141614
1141447
1141378
1141218
1141149
1140942
1140727
1140676
1140523
1140423
1140416
1140365
1140146
1140133
1139948
1139865
1139756
1139708
1139572
1139398
1139179
1139114
1138966
1138654
1138050
1138001
1137981
1137965
1137516
1137472
1137437
1137213
1137193
1137170
1137052
1137040
1136983
1136983
1136941
1136861
1136712
1136612
1136358
1136265
1136234
1136216
1135956
1135828
1135815
1135499
1135401
1135326
1135288
1135155
1135075
1134930
1134815
1134730
1134389
1134342
1134162
1134160
1134159
1133886
1133838
1133811
1133616
1133554
1133244
1133124
1133070
1132846
1132515
1132449
1132395
1132282
1132123
1132122
1132093
1132087
1131996
1131890
1131759
1131750
1131645
1131258
1131101
1131030
1130822
1130799
1130704
1130457
1130299
1130246
1130199
1130189
1130109
1130097
1130040
1129795
1129759
1129444
1129268
1129140
1128977
1128842
1128794
1128740
1128598
1128557
1128374
1128313
1127826
1127823
1127788
1127733
1127622
1127454
1127319
1127153
1127071
1127058
1127053
1126605
1126518
1126272
1126073
1125774
1125713
1125669
1125636
1125549
1125501
1125473
1125351
1125228
1125203
1125189
1125137
1125035
1125024
1124944
1124863
1124807
1124716
1124683
1124660
1124452
1124415
1124209
1124203
1124185
1124165
1124034
1123997
1123931
1123875
1123468
1123467
1123461
1123370
1123309
1123271
1123198
1123177
1123097
1123036
1122945
1122896
1122693
1122641
1122497
1122370
1122308
1122272
1122189
1122163
1122132
1122115
1121586
1121582
1121233
1121175
1121150
1121141
1120870
1120341
1120291
1120140
1119979
1119926
1119859
1119821
1119711
1119644
1119639
1119512
1119499
1119455
1119432
1119344
1119094
1119039
1118852
1118763
1118591
1118542
1118492
1118490
1118272
1118272
1118235
1118112
1118107
1118060
1117985
1117934
1117822
1117630
1117262
1117254
1117238
1117095
1117041
1117018
1116986
1116853
1116843
1116769
1116612
1116596
1116482
1116227
1116152
1116108
1116010
1115857
1115808
1115517
1115380
1115369
1115280
1115197
1115126
1115117
1115013
1114771
1114736
1114597
1114538
1114335
1114244
1113862
1113854
1113833
1113781
1113747
1113681
1113679
1113662
1113640
1113557
1113519
1113508
1113405
1113328
1113321
1113249
1113208
1113117
1112952
1112918
1112818
1112419
1112359
1112313
1112297
1112073
1112002
1111965
1111859
1111769
1111657
1111574
1111430
1111346
1111206
1111070
1111052
1110998
1110817
1110811
1110388
1110047
1109959
1109956
1109684
1109672
1109664
1109552
1109520
1109495
1109395
1109357
1109324
1109323
1109250
1109192
1109173
1109154
1109027
1108959
1108806
1108793
1108641
1108565
1108546
1108442
1108353
1108268
1108231
1108147
1108130
1107986
1107957
1107846
1107735
1107708
1107703
1107694
1107674
1107278
1107086
1107062
1106913
1106902
1106662
1106619
1106578
1106577
1106443
1106404
1106369
1106269
1106098
1106065
1105955
1105928
1105891
1105812
1105781
1105632
1105624
1105567
1105541
1105449
1105293
1104699
1104543
1104256
1104065
1104020
1103912
1103871
1103797
1103460
1103355
1103291
1103257
1103100
1103063
1103049
1103030
1102953
1102823
1102691
1102636
1102612
1102590
1102495
1102299
1102185
1102110
1102066
1101967
1101615
1101577
1101552
1101425
1101294
1101146
1101127
1101084
1100922
1100918
1100865
1100810
1100738
1100701
1100566
1100452
1100424
1100100
1100031
1099925
1099733
1099652
1099638
1099484
1099337
1099300
1099202
1099173
1099142
1099095
1099029
1099023
1099008
1098777
1098654
1098505
1098412
1098369
1098192
1097673
1097490
1097462
1097453
1097202
1097018
1096915
1096808
1096600
1096517
1096507
1096398
1096203
1096179
1096112
1095999
1095940
1095847
1095812
1095548
1095541
1095497
1095481
1095401
1095398
1095368
1095195
1095081
1095024
1095014
1094872
1094758
1094732
1094720
1094707
1094704
1094459
1094393
1094328
1094081
1093995
1093967
1093880
1093706
1093474
1093453
1093453
1093446
1093226
1093170
1093143
1093069
1093042
1093037
1092989
1092956
1092922
1092641
1092614
1092581
1092566
1092516
1092139
1091997
1091988
1091982
1091882
1091838
1091740
1091711
1091425
1091128
1090976
1090970
1090572
1090539
1090470
1090455
1090427
1090232
1090117
1089879
1089795
1089706
1089644
1089563
1089158
1089142
1089118
1089086
1089054
1088925
1088914
1088684
1088185
1087933
1087927
1087868
1087671
1087645
1087600
1087579
1087408
1087230
1087118
1087116
1086994
1086910
1086896
1086645
1086499
1086424
1086259
1086245
1086225
1086024
1085910
1085899
1085895
1085734
1085634
1085495
1085409
1085361
1085285
1084958
1084913
1084868
1084727
1084582
1084507
1084489
1084488
1084479
1084381
1084246
1084204
1084203
1084145
1084056
1083953
1083932
1083892
1083689
1083450
1083235
1083215
1083009
1082788
1082537
1082477
1082284
1082243
1082234
1082180
1081861
1081617
1081588
1081533
1081498
1081478
1081303
1081303
1081258
1081254
1081196
1081030
1080954
1080830
1080615
1080284
1080242
1080058
1079967
1079927
1079832
1079813
1079708
1079513
1079435
1079432
1079419
1079384
1079347
1079331
1079150
1079125
1078949
1078723
1078651
1078610
1078468
1078396
1078384
1078216
1078187
1078133
1078104
1078014
1077962
1077919
1077827
1077824
1077704
1077443
1077403
1077197
1077081
1077077
1076972
1076958
1076913
1076689
1076605
1076413
1076352
1076131
1075662
1075637
1075515
1075391
1075367
1075325
1075309
1075157
1075112
1075112
1074914
1074737
1074714
1074617
1074302
1074236
1074186
1074105
1074065
1073990
1073948
1073902
1073860
1073834
1073515
1073146
1073052
1073031
1072993
1072932
1072857
1072523
1072521
1072194
1072056
1072026
1071807
1071735
1071403
1071253
1071239
1071120
1071001
1070888
1070793
1070668
1070191
1070183
1069865
1069665
1069599
1069585
1069503
1069275
1069105
1069018
1068824
1068755
1068747
1068533
1068420
1068417
1068350
1068332
1068237
1068174
1067992
1067921
1067912
1067910
1067825
1067771
1067497
1067485
1067452
1067295
1066973
1066883
1066817
1066683
1066629
1066423
1066356
1066334
1066319
1066070
1066033
1065981
1065668
1065578
1065575
1065437
1065332
1065184
1065079
1064945
1064667
1064444
1064363
1064249
1064132
1064003
1063986
1063969
1063852
1062643
1062598
1062517
1062393
1062216
1062091
1062031
1061974
1061937
1061876
1061721
1061675
1061605
1061524
1061334
1060617
1060520
1060435
1060355
1060345
1060250
1060188
1060036
1059881
1059736
1059727
1059554
1059520
1059220
1059205
1058986
1058722
1058690
1058643
1058523
1058239
1057523
1056671
1056570
1056395
1056354
1056143
1055977
1055836
1055344
1055301
1055212
1055158
1054948
1054887
1054611
1054508
1054462
1054328
1054275
1054223
1054183
1054001
1053859
1053084
1052802
1052697
1052663
1052477
1052413
1052183
1051820
1051665
1051499
1051464
1051367
1051339
1051202
1050818
1050765
1050619
1050344
1049830
1049806
1049684
1048476
1048383
1048304
1048207
1048146
1047953
1047942
1047925
1047569
1047237
1047147
1047017
1046970
1046633
1046430
1046261
1046244
1046186
1045858
1045013
1044882
1044538
1044402
1044020
1043938
1043528
1043371
1043203
1042822
1042269
1041989
1041754
1041614
1041547
1041519
1041479
1041364
1041297
1041195
1040857
1040817
1040622
1040542
1040461
1040438
1040373
1040235
1040205
1039964
1039055
1038869
1038857
1038438
1038093
1038067
1038015
1038011
1037965
1037564
1037557
1036963
1036914
1036743
1036621
1036588
1036537
1036424
1036278
1036263
1036116
1035859
1035848
1035826
1035259
1035080
1034221
1033982
1033381
1033339
1033283
1033082
1033034
1032977
1032881
1032242
1032231
1031870
1031622
1031504
1031377
1031176
1031036
1030180
1029956
1029944
1029812
1029622
1029332
1029203
1029012
1028920
1028785
1027778
1027373
1027175
1027173
1026770
1026763
1026607
1026598
1026214
1025920
1025917
1025244
1025101
1025035
1024932
1024845
1024575
1024560
1024365
1024285
1024276
1023964
1023711
1023690
1023670
1023527
1023404
1023368
1023293
1023082
1023001
1022546
1022545
1022535
1022133
1021874
1021715
1021051
1021012
1020985
1020927
1020746
1020645
1020168
1020088
1020011
1019639
1019608
1019552
1019461
1019388
1019355
1018498
1018076
1017558
1016793
1016650
1015808
1015511
1015427
1015384
1015268
1015225
1015156
1015102
1014739
1014563
1014453
1013939
1012819
1012050
1011895
1011722
1011668
1011426
1011345
1011280
1011092
1011044
1011022
1010866
1010490
1010001
1009219
1009187
1009152
1008918
1008830
1008404
1008365
1008252
1008168
1007939
1007925
1007803
1007779
1007748
1007382
1007223
1007216
1007205
1007153
1006877
1006835
1006635
1006568
1006496
1006164
1006153
1005737
1005187
1004923
1004198
1003519
1003501
1003108
1003058
1002801
1002776
1002672
1002634
1002266
1001764
1001505
1001152
1001149
1000997
1000870
1000530
1000359
1000185
1000035
999962
999913
999904
999432
999373
998979
998432
998344
998226
998017
997666
997654
997645
997629
997615
997320
997141
996980
996762
996723
996648
996261
996235
996216
995779
995484
995060
994848
994461
994440
994138
993891
993577
993399
993247
993015
992616
992287
992061
991605
991189
991088
991081
990860
990618
990463
990359
990161
990132
989629
989406
989355
989324
989108
988733
988659
988567
988566
988491
988319
988284
988128
988056
987773
987456
987406
986993
986802
986556
986326
986321
985830
985744
985594
985582
985559
985431
985315
985247
985187
984658
984347
983825
983549
983435
983429
983169
982871
982795
982298
982197
982186
982060
981950
981797
981618
981480
981363
980928
980863
980374
980005
979439
979249
979107
978973
978805
978002
977908
977746
977506
977365
976983
976957
976951
976937
976884
976670
976660
976613
976500
976490
976423
975810
975114
975057
975013
974645
974510
974407
974393
974209
973875
973527
972897
972859
972855
972321
972211
972118
972105
971782
971671
971589
971382
971004
970625
970385
970227
969828
969594
969385
969301
969257
969202
969148
968998
968910
968317
968274
968204
968110
968085
968075
968033
967849
967610
967434
967131
966745
966711
966584
966575
966467
966196
965334
965127
964901
964876
964733
964650
964566
964088
964011
963631
963612
963577
963557
963519
963446
963348
962633
962223
962127
961964
961773
961744
961512
961505
961401
961394
961329
961250
961099
961019
960386
960378
960220
959829
959356
959144
958231
958169
958141
957829
957812
957717
957692
957666
957560
957327
957295
957230
957199
957140
956732
956641
956570
956535
956431
956400
956118
955171
955002
954524
954443
954373
954258
954166
953644
953470
953429
952970
952965
952872
952860
952085
951109
951074
950764
950593
950590
950216
950155
949912
949806
949691
949562
949477
949432
949354
949284
949270
949117
949105
948596
948188
948035
947091
946770
946654
946626
946601
946418
946235
946015
945625
945554
945417
945383
945277
944810
944777
944648
944636
944591
944588
944449
944368
944218
944218
944095
943960
943815
943538
943072
943067
942868
942687
942656
942391
942338
942191
941693
941642
941467
941422
941213
941048
940955
940745
940167
940093
940070
939936
939609
939524
939514
939370
939356
939173
939128
938963
938926
938810
938729
938491
938427
938421
938317
938282
938012
937529
937074
936956
936876
936735
936680
936544
936164
936002
935910
935615
935564
935483
935459
935265
934919
934788
934771
934590
934535
934198
933792
933756
933562
933431
933300
932972
932675
932645
932589
932428
932359
932347
932157
932152
932004
931947
931762
931743
931271
931253
930989
930962
930396
930288
930218
930137
929436
929387
929096
929072
929056
928786
928675
928600
928451
928393
928159
928131
927823
927671
927531
927425
927202
927053
927037
926816
926741
926693
926602
926471
926307
926232
926203
926133
926010
925925
925870
925580
925029
925015
924929
924858
924805
924712
924399
924366
924299
924279
924218
924192
924131
924073
923644
923622
923497
923391
923301
923023
923005
922816
922483
921892
921700
921438
921362
921353
921157
921103
921101
921019
920927
920577
920550
920440
920418
920396
920165
920051
919837
919644
919587
919503
919199
919008
918912
918877
918838
918601
918578
918150
917955
917934
917889
917506
917182
917092
917075
917027
916998
916952
916922
916913
916732
916249
916132
916082
915759
915506
915120
915083
914815
914716
914497
914463
914325
914156
914062
913970
913759
913598
913551
913539
913433
913359
913304
913214
913048
913037
912832
912618
912122
912054
911688
911632
911378
911358
911232
910566
910070
909978
909893
909775
909638
909638
909619
909254
909098
909044
908820
908774
908706
908537
908062
907845
907827
907612
907537
907002
906906
906871
906815
906563
906203
906202
906175
906094
905943
905775
905643
905012
904969
904912
904836
904819
904617
904425
904248
904148
904069
903940
903726
903515
903347
903270
903084
903074
902900
902821
902698
902465
901869
901867
901816
901757
901591
901357
901278
901233
901146
901046
900909
900770
900682
900561
900484
900402
900286
900223
900080
900020
899948
899603
899582
899165
899143
899062
898733
898692
898575
898492
898420
898335
898094
898061
897630
897618
897585
897576
897564
897405
897335
897317
897234
896939
896877
896713
896612
896023
895824
895663
895636
895550
895472
895333
894523
894510
894450
894392
894382
894372
894298
894288
894256
894208
894122
894044
893999
893939
893755
893583
893277
893021
892844
892743
892693
892380
892330
892303
892115
891887
891841
891690
891668
891487
891368
891323
891292
891288
890968
890782
890738
890728
890533
890236
890220
890186
890009
889901
889727
889707
889699
889697
889229
889057
888969
888958
888697
888039
887939
887919
887655
887638
887568
887418
887338
887013
886462
886411
886306
886200
886094
886021
885973
885931
885668
885295
885228
885169
884971
884784
884761
884634
884604
884439
884340
884325
884278
884089
884066
883984
883954
883584
883102
882962
882940
882860
882774
882738
882736
882282
882281
882159
881992
881812
881785
881553
881536
881317
881274
881184
881148
881141
880775
880495
880452
880364
880315
880225
880152
880044
879997
879856
879855
879401
879350
879298
879188
879060
878910
878754
878667
878475
878367
878278
878070
877863
877412
877266
876964
876932
876827
876678
876490
876392
876228
875044
875001
874690
874585
874572
874555
874532
874413
874327
874307
874268
874145
874067
873864
873818
873329
872977
872868
872860
872815
872712
872525
871923
871720
871652
871608
871549
871461
871303
871026
870978
870814
870726
870587
870553
870426
870325
870256
870131
869181
869053
869020
868880
868829
868778
868515
868478
868340
868320
868087
867968
867947
867885
867388
867365
867326
867134
867012
866973
866962
866954
866926
866838
866723
866683
866582
866479
866436
866266
866121
866107
865344
865029
864829
864688
864402
864288
864256
864190
864072
863983
863844
863826
863711
863677
863414
863379
863337
863149
862860
862838
862744
862300
862032
862016
861917
861745
861638
861611
861604
861581
861342
861251
861226
861177
861097
861073
860948
860654
860644
860589
860519
860507
860158
859911
859885
859863
859851
859790
859513
859234
858876
858866
858779
858709
858670
858637
858564
858110
857944
857763
857714
857536
857528
857290
857158
856842
856411
856249
856229
856222
856159
856029
855544
855508
855501
855378
855287
855188
854802
854785
854784
854769
854628
854177
854147
854086
854026
853960
853806
853783
853741
853516
853494
853386
853254
853129
852995
852994
852868
852770
852728
852542
852401
852227
851437
851429
851416
851166
851161
851148
851146
851098
851067
850988
850928
850928
850926
850888
850604
850556
850528
850144
850136
850046
850042
849962
849958
849935
849799
849780
849655
849638
849251
849183
849177
849170
849103
849073
849001
848987
848792
848716
848657
848606
848555
848315
848100
847840
847739
847612
847600
847566
847156
846890
846752
846485
846375
846316
846072
845766
845441
845214
844913
844912
844874
844854
844792
844683
844646
844529
844522
844326
844325
844191
844166
844112
844085
844074
844068
843874
843826
843749
843546
843438
843302
843282
843177
843103
842977
842911
842820
842701
842618
841577
841480
841201
841067
841053
841045
840961
840949
840948
840900
840827
840783
840769
840681
840671
840656
840585
840551
840456
840166
840074
839970
839889
839864
839791
839376
839096
838966
838748
838609
838426
838378
838227
838226
838219
838125
837991
837942
837890
837777
837621
837552
837362
837319
837304
837228
836982
836903
836815
836687
836579
836477
836363
836258
836123
836019
835840
835779
835730
835643
835266
835217
834940
834935
834922
834727
834641
834576
834522
834452
834426
834156
834115
834057
833937
833935
833844
833629
833488
833485
833411
833366
833364
833336
832917
832874
832776
832652
832591
832578
832540
832540
832423
832416
832193
832115
832098
832052
831914
831582
831521
831376
831345
831308
831243
831195
831127
831085
831061
831026
831001
830931
830813
830647
830640
830626
830579
830521
830487
830359
830242
830122
830110
830008
830002
829964
829951
829907
829796
829777
829769
829716
829560
829460
829433
829395
829251
829197
828814
828781
828643
828628
828485
828477
828358
828314
828169
828001
827903
827827
827597
827520
827519
827516
827462
827429
827296
827286
827166
827052
826901
826875
826862
826824
826672
826668
826657
826509
826315
826176
826052
825977
825869
825793
825727
825676
825594
825561
825516
825314
825314
825033
824987
824871
824770
824519
824516
824474
824468
824462
824446
824255
824123
824114
823960
823760
823700
823540
823510
823438
823349
823134
822942
822860
822702
822472
822456
822451
822319
822298
822162
822008
821898
821872
821827
821772
821667
821638
821479
821083
820957
820944
820916
820907
820895
820852
820651
820573
820493
820395
820343
820342
820294
820219
819985
819964
819945
819813
819731
819725
819619
819609
819517
819474
819452
819185
819168
819130
819096
818978
818931
818896
818773
818740
818606
818597
818124
818083
817773
817742
817641
817579
817563
817459
817317
817285
817125
817018
816925
816886
816875
816833
816688
816620
816567
816539
816525
816520
816499
816442
816233
816195
816180
816132
816088
816003
815800
815762
815633
815623
815502
815327
815276
815207
815195
815058
815010
815010
814986
814969
814932
814917
814600
814541
814489
814474
814349
814223
813656
813357
813300
813054
812948
812911
812877
812635
812566
812521
812379
812304
812004
811953
811798
811796
811794
811681
811595
811559
811532
811313
810966
810910
810628
810557
810411
810359
810224
810206
810133
810121
810023
809975
809752
809733
809716
809710
809674
809565
809433
809379
809162
809135
809082
808958
808700
808677
808669
808621
808587
808485
808435
808419
808396
808381
808332
808241
808238
808154
807997
807920
807819
807805
807757
807695
807594
807585
807585
807430
807402
807328
807241
807164
806942
806932
806840
806719
806677
806640
806596
806590
806485
806432
806387
806351
806330
806253
806207
806132
806108
805675
805641
805579
805569
805306
805247
805157
805118
804981
804860
804859
804834
804709
804708
804581
804484
804445
804424
804113
804045
803957
803783
803506
803445
803421
803420
803292
803164
803096
802890
802808
802788
802605
802526
802506
802362
802233
802098
801830
801698
801687
801678
801497
801416
801141
801073
800744
800529
800260
800255
800247
800221
800219
800097
800055
799909
799843
799800
799789
799566
799464
799455
799367
799206
799112
798928
798911
798854
798808
798758
798469
798232
798143
798094
797958
797765
797725
797657
797619
797563
797555
797516
797293
797214
796923
796720
796676
796563
796199
796162
796003
795974
795948
795881
795596
795453
795425
795410
795361
795232
795145
795140
794944
794899
794746
794736
794682
794619
794537
794377
794216
793774
793759
793643
793612
793540
793482
793431
793400
793280
793162
793065
793054
792984
792890
792857
792835
792805
792751
792637
792618
792444
792388
791990
791950
791794
791564
791493
791269
791267
791252
791125
791049
790993
790841
790794
790776
790771
790755
790673
790671
790641
790512
790431
790418
790374
790364
790199
790183
790032
789813
789748
789534
789487
789355
789354
789266
788942
788925
788860
788634
788583
788428
788230
788175
788164
788074
788070
788069
788062
788043
787975
787909
787901
787826
787782
787688
787627
787452
787447
787445
787422
787199
787150
787094
787036
786998
786983
786918
786858
786839
786829
786757
786736
786698
786661
786659
786629
786537
786409
786403
786380
786273
786188
786156
786000
785919
785783
785739
785605
785359
785254
785107
784959
784887
784780
784764
784756
784734
784677
784428
784122
783971
783860
783768
783709
783563
783425
783417
783073
783069
782992
782933
782916
782822
782813
782644
782638
782560
782413
782373
782255
782253
782159
782072
782039
781980
781939
781939
781926
781761
781737
781613
781588
781373
781355
781340
780986
780922
780884
780744
780525
780292
780292
780073
780001
779928
779919
779911
779890
779878
779768
779678
779674
779632
779481
779481
779420
779359
779307
779250
779196
779127
778999
778996
778881
778774
778728
778570
778477
778428
778426
778215
778158
778147
777886
777867
777821
777778
777588
777584
777555
777460
777452
777446
777437
777434
777434
777320
777214
777124
776932
776797
776715
776714
776657
776606
776535
776522
776443
776438
776397
776200
776112
776081
776078
775995
775837
775765
775735
775505
775387
775090
775090
775073
774964
774916
774905
774814
774809
774656
774568
774437
774432
774305
774284
774254
774239
774140
773939
773895
773887
773845
773704
773692
773603
773578
773466
773342
773103
772951
772875
772862
772842
772767
772733
772559
772498
772480
772336
772328
772133
772109
772005
771922
771740
771735
771704
771698
771594
771518
771468
771443
771345
771338
771331
771250
771213
771186
770815
770712
770675
770640
770529
770509
770454
770431
770346
770266
770187
770169
770134
770113
770072
770065
770019
770007
769985
769956
769928
769863
769719
769707
769617
769598
769457
769449
769318
769300
769240
769233
769110
769043
769027
768924
768878
768822
768792
768730
768707
768665
768587
768459
768243
768166
768096
768058
767911
767824
767809
767807
767664
767563
767423
767326
767298
766949
766912
766865
766859
766735
766612
766608
766537
766437
766358
766185
766176
766147
766097
766075
766054
766016
765898
765881
765809
765699
765696
765662
765641
765452
765416
765408
765372
765292
765257
765220
765210
765172
765006
764984
764974
764955
764807
764748
764726
764723
764720
764715
764439
764410
764338
764319
764305
764207
764171
764150
764133
763977
763976
763973
763943
763918
763893
763888
763825
763795
763786
763729
763712
763666
763604
763579
763573
763524
763489
763419
763417
763394
763334
763333
763331
763314
763288
763285
763278
763209
763172
763009
762929
762608
762601
762489
762325
762309
762216
762130
762115
762088
762079
761944
761942
761924
761910
761896
761844
761828
761793
761737
761711
761624
761581
761572
761435
761401
761371
761328
761326
761259
761248
761162
761161
761130
761043
761043
760946
760937
760840
760818
760808
760670
760657
760642
760406
760338
760269
760218
760184
760163
760084
760065
759863
759810
759784
759732
759723
759718
759706
759700
759680
759668
759570
759547
759449
759440
759438
759341
759287
759189
759184
759159
759085
759080
758983
758976
758959
758893
758760
758651
758482
758429
758335
758311
758288
758121
758069
757998
757994
757915
757910
757844
757838
757833
757727
757706
757683
757676
757676
757642
757446
757384
757346
757259
757153
757101
757086
757077
757068
757056
756967
756925
756841
756713
756663
756488
756365
756364
756362
756307
756155
756076
755980
755858
755822
755794
755704
755662
755556
755519
755441
755406
755398
755391
755387
755387
755357
755265
755248
755227
755226
755224
755156
755076
755058
755034
754995
754941
754853
754828
754749
754730
754662
754650
754378
754308
754277
754273
754258
754197
754162
754140
754121
754067
754063
754060
754036
753945
753937
753828
753667
753626
753618
753539
753502
753469
753463
753433
753403
753392
753366
753261
753255
753173
753143
753084
753083
753082
752982
752970
752916
752877
752755
752750
752522
752490
752455
752402
752383
752379
752375
752318
752298
752176
752131
752119
752116
752055
752045
752038
751990
751835
751834
751824
751806
751797
751726
751612
751610
751608
751584
751547
751508
751465
751460
751428
751260
751210
751164
751099
751096
751091
751078
751057
751054
751016
751010
750994
750993
750988
750961
750935
750914
750903
750892
750776
750701
750696
750623
750620
750575
750552
750500
750491
750471
750172
750150
750144
750106
750102
749799
749681
749655
749648
749632
749621
749608
749599
749551
749507
749393
749330
749325
749260
749228
749190
749183
749179
749156
749064
749020
748999
748970
748901
748881
748800
748772
748742
748741
748679
748650
748639
748586
748560
748523
748318
748306
748296
748292
748218
748181
748131
748075
748024
747996
747975
747929
747878
747811
747809
747648
747599
747528
747528
747526
747447
747411
747405
747400
747372
747344
747271
747164
747095
747064
747043
746988
746971
746896
746892
746831
746814
746735
746665
746665
746663
746643
746626
746616
746502
746490
746407
746387
746379
746231
746162
746116
746111
746103
746102
746088
746044
746000
745905
745877
745813
745645
745640
745619
745570
745533
745476
745468
745452
745451
745448
745434
745432
745342
745334
745333
745320
745309
745226
745200
745193
745184
745172
745149
745146
745141
745125
745116
745055
744840
744822
744752
744707
744638
744593
744545
744507
744418
744368
744353
744312
744247
744245
744214
744212
744210
744167
744124
744102
744065
744056
744051
744046
743843
743764
743764
743727
743722
743594
743527
743482
743470
743427
743371
743217
743169
743150
743095
743006
742952
742898
742870
742828
742808
742772
742762
742755
742672
742663
742548
742514
742422
742346
742200
742115
742086
742065
741989
741988
741948
741924
741869
741789
741693
741634
741631
741619
741476
741458
741437
741343
741290
741239
741237
741191
741124
741093
740986
740961
740947
740918
740907
740859
740846
740817
740785
740717
740670
740639
740606
740513
740491
740486
740484
740408
740397
740391
740208
740125
740094
740038
739979
739978
739878
739878
739785
739772
739705
739676
739631
739610
739592
739510
739470
739461
739388
739296
739271
739265
739175
739160
739117
739070
739069
739036
739034
739013
738958
738939
738918
738836
738792
738650
738579
738563
738550
738521
738520
738478
738396
738305
738288
738278
738118
738110
738071
738010
737961
737950
737922
737917
737882
737817
737799
737784
737780
737540
737448
737417
737400
737343
737330
737307
737271
737000
736981
736968
736865
736841
736839
736803
736790
736741
736638
736635
736588
736564
736510
736504
736489
736468
736344
736341
736333
736270
736193
736181
736006
735941
735933
735871
735870
735837
735829
735801
735510
735311
735246
735198
735180
735154
735151
735145
734891
734850
734844
734833
734774
734768
734694
734665
734664
734657
734641
734631
734584
734546
734438
734406
734381
734347
734342
734295
734287
734285
734259
734247
733916
733849
733756
733741
733702
733699
733665
733524
733522
733499
733474
733428
733393
733380
733358
733348
733314
733301
733215
733196
733099
733087
733056
733009
733004
733001
732941
732936
732904
732827
732778
732685
732662
732623
732584
732461
732427
732403
732347
732301
732129
732070
732017
732010
731940
731908
731902
731893
731873
731869
731611
731548
731527
731514
731458
731442
731286
731213
731202
731167
731158
731151
731060
731042
730804
730698
730697
730693
730653
730553
730536
730517
730469
730464
730347
730301
730290
730201
730169
730168
730033
729996
729962
729957
729889
729863
729816
729649
729646
729569
729569
729528
729499
729474
729330
729179
729171
728986
728968
728961
728952
728892
728689
728677
728515
728513
728503
728482
728425
728375
728243
728235
728212
728207
728192
728172
728081
727961
727916
727889
727846
727808
727768
727636
727540
727410
727383
727335
727288
727251
727214
727205
727177
727101
727070
727028
726991
726941
726937
726903
726892
726826
726746
726740
726738
726627
726446
726445
726441
726360
726338
726247
726198
726167
726159
726121
725857
725731
725652
725536
725528
725516
725505
725460
725405
725367
725283
725281
725239
725208
725206
725123
725059
725043
724979
724926
724924
724923
724885
724816
724715
724712
724621
724607
724602
724562
724521
724464
724267
724258
724245
724233
724229
724159
724137
724090
724087
724014
723968
723911
723871
723835
723812
723769
723754
723719
723710
723679
723529
723488
723457
723414
723319
723316
723283
723232
723219
723162
723099
723095
723035
722884
722876
722797
722730
722507
722418
722299
722276
722271
722232
722063
722051
721996
721935
721928
721901
721883
721819
721796
721793
721772
721732
721727
721726
721518
721513
721248
721188
721163
721084
721067
720917
720778
720550
720515
720461
720445
720427
720344
720274
720233
720180
720137
720023
719998
719833
719798
719763
719668
719620
719607
719483
719469
719398
719392
719273
719197
719194
719191
719095
719002
718993
718972
718933
718910
718886
718826
718767
718707
718587
718525
718522
718512
718483
718453
718451
718445
718434
718389
718351
718231
718219
718068
718033
717829
717792
717780
717778
717748
717746
717679
717660
717599
717565
717481
717473
717470
717341
717264
717263
717158
717141
717126
717100
717000
716958
716942
716934
716927
716728
716694
716688
716604
716541
716536
716523
716462
716424
716421
716371
716347
716243
716175
716159
716142
716120
716025
716023
715975
715941
715791
715704
715689
715647
715457
715449
715415
715356
715317
715175
715020
715002
714961
714892
714819
714748
714690
714664
714611
714549
714335
714326
714122
714081
714029
713936
713930
713820
713793
713732
713708
713666
713634
713443
713401
713260
713210
713209
713168
713167
713122
713107
713063
712990
712982
712803
712777
712714
712617
712544
712541
712448
712424
712378
712362
712309
712249
712232
712186
712183
712101
712062
712050
712045
711984
711856
711735
711728
711685
711661
711659
711476
711365
711288
711223
711199
711074
711020
710972
710971
710970
710793
710745
710728
710589
710576
710466
710294
710262
710211
710209
710056
710003
709975
709966
709954
709918
709898
709805
709713
709649
709617
709594
709511
709459
709411
709212
709207
709203
709114
709088
709081
709021
708978
708975
708969
708906
708843
708802
708785
708649
708529
708520
708476
708270
708160
708085
708066
708009
707964
707922
707822
707814
707731
707627
707606
707556
707526
707483
707344
707277
707247
707225
707221
707220
707139
707133
707082
707039
707007
706845
706802
706748
706698
706576
706551
706462
706415
706404
706354
706278
706268
706173
706099
706042
706038
706030
705997
705992
705949
705939
705872
705774
705769
705755
705510
705337
705330
705087
704996
704934
704761
704676
704631
704629
704487
704427
704390
704388
704274
704136
704109
704107
704049
704033
703951
703917
703892
703880
703842
703758
703747
703711
703663
703640
703635
703325
703314
703178
702833
702828
702827
702810
702724
702719
702671
702661
702636
702593
702493
702457
702343
702227
702186
702181
702148
702105
702094
702073
702038
701794
701775
701762
701701
701634
701607
701391
701379
701116
701000
700904
700878
700862
700858
700848
700835
700824
700762
700740
700662
700627
700612
700610
700435
700336
700332
700192
700189
700140
700057
700055
699964
699903
699741
699730
699714
699713
699462
699451
699439
699400
699226
699063
698895
698755
698746
698585
698430
698316
698274
698171
698168
698107
698053
697951
697940
697904
697804
697736
697734
697574
697562
697545
697533
697531
697500
697496
697337
697292
697291
697247
697082
697012
696943
696894
696827
696723
696683
696671
696554
696550
696402
696398
696324
696282
696222
696107
696071
695952
695939
695905
695902
695899
695863
695799
695798
695794
695585
695473
695410
695401
695397
695300
695248
695229
695218
695176
695135
695122
695007
694991
694990
694864
694860
694812
694742
694710
694652
694642
694607
694599
694577
694566
694557
694530
694473
694442
694411
694363
694305
694297
694261
694214
694093
694054
693927
693869
693778
693546
693367
693358
693171
693093
692992
692907
692892
692892
692869
692836
692810
692807
692781
692689
692603
692547
692540
692518
692498
692488
692380
692373
692205
692205
692172
692170
692098
691682
691535
691517
691385
691381
691356
691318
691287
691233
691227
691136
691044
690892
690879
690849
690649
690563
690496
690378
690310
690243
690237
690128
690127
690089
690062
689878
689866
689829
689826
689812
689801
689743
689651
689562
689504
689460
689429
689379
689378
689366
689329
689326
689304
689158
689122
689120
689072
689000
688899
688893
688879
688709
688705
688611
688585
688461
688383
688329
688323
688218
688195
688195
688040
688021
688008
687990
687954
687928
687903
687901
687848
687837
687832
687757
687712
687703
687565
687464
687384
687379
687365
687317
687284
687203
687017
686915
686752
686690
686689
686645
686590
686556
686481
686466
686397
686382
686301
686278
686248
686234
686173
686091
686059
686011
685998
685885
685796
685666
685589
685539
685525
685510
685436
685271
685238
685198
685184
685163
685115
685031
685003
684964
684869
684866
684856
684855
684850
684825
684753
684732
684732
684687
684673
684670
684639
684630
684604
684480
684348
684320
684252
684225
684105
684104
683977
683919
683844
683814
683588
683559
683504
683394
683394
683381
683354
683350
683333
683269
683265
683264
683103
683075
683024
682865
682858
682798
682673
682673
682661
682559
682552
682534
682456
682384
682233
682209
682157
682142
682086
681989
681987
681977
681972
681942
681830
681826
681728
681589
681571
681527
681477
681391
681369
681251
681215
681192
681106
680976
680869
680859
680830
680702
680681
680640
680585
680542
680528
680498
680493
680479
680478
680423
680398
680379
680283
680260
680231
680152
680148
680121
680068
680053
680021
680020
679936
679902
679851
679785
679747
679742
679721
679714
679707
679683
679576
679471
679440
679327
679277
679216
679212
679141
679109
679083
679062
678991
678978
678921
678877
678852
678828
678810
678791
678785
678745
678742
678712
678703
678701
678693
678660
678646
678513
678461
678427
678376
678366
678339
678337
678230
678230
678180
678173
678132
678108
678064
678052
678021
677979
677948
677930
677866
677822
677817
677816
677733
677632
677622
677558
677532
677505
677455
677273
677263
677180
677145
677105
677047
676968
676953
676915
676897
676887
676848
676798
676711
676692
676652
676641
676611
676535
676494
676491
676429
676368
676330
676327
676182
676160
676110
676069
676052
675927
675853
675818
675788
675713
675706
675676
675669
675591
675578
675560
675552
675528
675489
675440
675402
675372
675352
675347
675293
675210
675205
675165
675144
675121
675107
675092
675081
675079
675049
674979
674919
674898
674874
674867
674858
674811
674725
674703
674647
674600
674573
674515
674494
674440
674436
674390
674384
674304
674216
674081
673992
673828
673822
673819
673802
673616
673573
673543
673526
673512
673431
673376
673354
673327
673320
673242
673230
673224
673209
673187
673128
673084
673050
673014
672907
672866
672804
672740
672722
672695
672653
672651
672628
672571
672558
672527
672489
672460
672454
672440
672422
672374
672349
672331
672295
672264
672238
672195
672189
672100
672061
671997
671985
671935
671924
671921
671914
671911
671863
671852
671813
671809
671722
671642
671641
671512
671432
671415
671346
671337
671294
671290
671276
671274
671265
671197
671192
671097
671084
671082
670993
670947
670919
670916
670842
670801
670766
670760
670753
670717
670712
670676
670661
670612
670579
670565
670483
670384
670345
670331
670311
670244
670185
670144
670058
669924
669904
669890
669791
669791
669753
669741
669708
669611
669595
669480
669460
669443
669402
669377
669355
669348
669309
669286
669281
669248
669156
669126
669114
669028
668888
668873
668840
668822
668798
668723
668715
668670
668651
668583
668559
668543
668443
668412
668342
668284
668235
668211
668191
668180
668078
668001
667991
667975
667974
667973
667909
667861
667819
667797
667741
667734
667716
667548
667505
667482
667479
667389
667357
667239
667238
667237
667235
667234
667078
667062
667040
667032
667002
667000
666995
666937
666882
666870
666747
666741
666707
666670
666646
666644
666601
666599
666592
666586
666510
666509
666431
666411
666385
666294
666276
666196
666166
666145
666106
666077
666040
666034
665999
665992
665991
665990
665989
665857
665740
665727
665713
665707
665701
665663
665586
665561
665542
665433
665429
665412
665378
665273
665261
665260
665259
665253
665217
665167
665134
665106
665067
665034
664993
664986
664967
664906
664903
664868
664847
664793
664711
664592
664585
664565
664531
664530
664511
664499
664452
664431
664430
664369
664317
664164
664051
664009
663900
663862
663856
663822
663790
663759
663718
663673
663629
663598
663575
663448
663432
663356
663333
663307
663306
663259
663230
663216
663212
663207
663061
663033
663018
662887
662784
662752
662699
662583
662542
662515
662465
662422
662143
662135
662129
662095
662055
662049
661984
661942
661937
661922
661905
661855
661788
661779
661725
661704
661699
661638
661634
661622
661612
661608
661483
661471
661420
661414
661352
661255
661252
661250
661239
661226
661165
661163
661126
661064
661010
661002
660993
660984
660977
660977
660965
660935
660855
660821
660800
660781
660760
660590
660589
660576
660537
660472
660433
660383
660326
660298
660298
660277
660262
660227
660169
660137
660087
660066
660027
659977
659969
659961
659957
659938
659825
659821
659804
659770
659732
659616
659598
659581
659564
659554
659540
659483
659389
659389
659365
659359
659325
659324
659297
659138
659095
659016
658922
658894
658873
658821
658789
658773
658691
658679
658663
658582
658563
658344
658326
658255
658217
658202
658170
658105
658085
658084
658023
658017
657980
657934
657910
657909
657893
657815
657811
657774
657746
657617
657608
657542
657519
657463
657399
657398
657378
657353
657285
657265
657230
657128
657064
657004
656979
656888
656856
656805
656707
656680
656650
656644
656609
656580
656550
656510
656503
656487
656470
656467
656447
656429
656413
656261
656230
656163
656060
656030
655938
655917
655886
655862
655848
655841
655765
655737
655734
655722
655686
655686
655651
655625
655611
655569
655459
655393
655343
655292
655274
655190
655163
655128
655061
654971
654959
654948
654930
654918
654882
654872
654871
654859
654849
654766
654751
654629
654613
654611
654567
654405
654381
654321
654306
654265
654250
654228
654161
654148
654059
653972
653942
653879
653877
653821
653820
653725
653611
653606
653531
653526
653517
653453
653337
653274
653245
653243
653154
653119
653115
653078
653067
653036
652993
652991
652945
652908
652873
652820
652773
652726
652682
652668
652666
652594
652553
652479
652458
652406
652367
652315
652238
652190
652158
652095
652051
651933
651831
651813
651804
651802
651753
651744
651718
651712
651691
651685
651633
651632
651614
651515
651498
651445
651440
651412
651394
651347
651341
651295
651118
651053
651003
650934
650923
650898
650894
650829
650781
650766
650716
650669
650620
650383
650362
650292
650281
650279
650253
650184
649959
649945
649906
649877
649844
649826
649713
649669
649668
649601
649584
649449
649439
649434
649312
649288
649228
649037
649001
648997
648951
648882
648881
648846
648745
648741
648739
648698
648675
648623
648556
648382
648273
648227
648146
648089
648031
647962
647788
647747
647746
647704
647628
647623
647595
647530
647423
647416
647277
647217
647136
647055
646971
646962
646920
646911
646830
646781
646670
646581
646567
646546
646409
646386
646101
645976
645860
645821
645720
645717
645708
645593
645588
645535
645521
645395
645315
645284
645248
645169
645087
645062
645048
645028
644942
644941
644878
644854
644837
644776
644734
644726
644657
644641
644638
644614
644576
644566
644536
644498
644368
644342
644292
644113
644082
644046
644016
643947
643928
643880
643800
643698
643631
643556
643515
643421
643217
643179
643137
643133
643107
642998
642891
642822
642778
642697
642695
642553
642549
642239
642130
642063
642019
641967
641967
641900
641856
641840
641828
641780
641536
641420
641371
641337
641248
641148
641103
641059
640973
640894
640819
640756
640575
640454
640365
640316
640301
640279
640242
640190
640163
640155
640048
639919
639704
639598
639589
639536
639514
639338
639247
639224
639114
638998
638971
638828
638789
638742
638689
638683
638678
638557
638320
638146
638067
638009
637989
637850
637792
637704
637507
637425
637412
637402
637281
637162
637085
637063
637031
637006
637004
636986
636928
636800
636654
636646
636573
636519
636445
636374
636179
636087
635919
635880
635806
635793
635675
635598
635568
635567
635501
635495
635479
635263
635012
634978
634923
634820
634660
634631
634601
634562
634544
634515
634428
634330
634309
634289
634237
634173
634046
633790
633277
633222
633189
633078
633026
632989
632975
632870
632647
632597
632430
632267
632189
632144
632113
632092
632087
632066
631913
631839
631758
631594
631542
631416
631168
631122
631018
630989
630800
630620
630608
630352
630139
630002
629892
629659
629482
629382
629263
629227
629166
628726
628652
628647
628407
628383
628374
628302
628178
627992
627862
627519
627413
627392
627377
627362
627296
627279
627262
627150
627136
627102
627090
627067
627007
626906
626888
626724
626606
626420
626354
626149
626100
625547
625453
625438
625402
625381
625210
625191
625025
624737
624628
624561
624477
624365
624294
624261
624236
624115
624054
624050
623952
623481
623379
623294
623285
623025
623022
623012
622726
622676
622645
622610
622609
622535
622481
622222
621765
621764
621655
621349
621247
621244
621097
620966
620685
620444
620267
619916
619520
619003
618919
618788
618783
618710
618427
618353
618235
618217
617887
617611
617463
617268
617264
616920
616746
616557
616485
616472
616144
616046
615616
615554
615526
615312
615309
615173
614891
614778
614642
614388
614285
614278
614197
613951
613941
613475
613390
612741
612629
612258
611988
611784
611666
611601
611323
610145
610036
609750
609724
609556
609374
609138
608558
608421
608389
608217
608181
608147
608053
607838
607716
607696
607693
607525
607289
607259
606694
606241
605874
605563
605193
604851
604751
603967
603941
603813
603730
603413
603401
603306
602807
602797
602647
602216
602197
601277
601195
600728
599926
599682
599467
598168
598087
598068
597994
597821
597661
597659
597623
597481
597253
597147
596351
595949
595878
595658
595530
594401
593934
593625
593555
592984
592982
592982
592753
592711
592684
591898
591871
591642
591459
591329
591134
590507
590174
590147
590094
589992
589380
589289
589152
588616
588567
588084
587884
587451
587254
587193
586956
586743
586691
586627
586452
586013
585955
585913
585912
585121
584661
584477
584394
584345
584062
583493
583425
583384
583056
582962
582357
582008
581919
581599
581241
581231
580669
580428
579917
578946
578588
578395
578315
577970
576834
575883
575300
574923
574831
574658
574217
574105
573512
573125
572546
572045
571584
570697
570567
569601
568926
568204
566926
566038
565542
565370
565361
565347
565030
563920
563708
562736
562344
562295
561121
560671
560574
560060
559244
558797
558610
558193
557823
557224
556456
555548
555056
554860
554842
554499
554476
553058
552472
552398
552089
552042
552032
551602
550810
550594
548438
547361
547311
546565
546073
545869
545211
545138
544848
544708
542748
542663
541337
541310
539453
539031
537330
537293
536157
534358
534171
532323
531100
530858
530575
530267
528547
528059
524766
523664
523636
523490
523392
522330
521632
520843
520829
520516
519676
519501
514309
514053
513694
511768
509398
508857
508708
506156
505442
502677
502478
501616
493461
492379
487302
484466
484387
481641
481608
479011
476857
475184
470475
470220
468260
467373
464322
462399
461309
455455
450954
448508
445503
444734
435206
430377
417647
406713



































84695959
80614425
35024658
24267678
23147437
23012402
