2040491
2951773
2140286
1758367
2175343
2732286
3534109
3647910
3387649
2161960
1777339
1682560
2336031
3023903
2014136
2848213
2569023
1660635
2380777
2190793
2424632
1319326
1273825
1584797
1990716
2461312
2225942
6158169
1427312
1586956
1975931
2722736
2652960
1783367
5044372
2036257
2168631
1958021
1429610
2267031
1818267
5040534
2341937
1540510
2125361
1539954
1951700
1138773
3493295
2528583
1940952
1591492
1607470
1945480
1952651
2591430
1677353
1220110
1420788
3791632
1187682
1243609
3047913
1278682
1183192
1814120
1094536
2313801
1441557
1678264
1454772
4601991
2232645
1593388
1453037
1987308
1900062
2722563
1757317
1535352
2437166
1762402
2589065
2269139
3002709
2758011
2853355
2001156
2288441
760473
1087671
1258404
1483589
1695784
1820759
2738723
2610342
1868989
2148116
