19834621
4876690
3626367
5125878
4281601
3900044
4287059
8059147
3208238
2494391
1740958
3343647
3423890
3263386
5819631
2854243
3143664
2907308
1770776
1484862
1697130
3452195
1357648
2228156
1852180
2247058
3052900
3051047
4395375
1087727
2241524
2857135
3995580
3718498
2280819
5142363
2980492
3012783
2727616
2271294
2630470
3446733
11103383
3206946
2640379
3846798
4569212
2957214
2815280
5558472
1443508
1929907
2118611
2851493
2582388
1848446
5994841
2392425
1783211
2783787
2910777
3403412
1129754
3045355
1990012
3043609
2346214
2896721
992801
2117812
4909238
3561551
4546169
1818842
2186777
2751317
2476790
2980363
3094841
2768061
2751480
1865455
2327763
1324104
21176586
2358343
2309431
2098736
2238758
1906617
1923386
3822601
2290030
2581042
2753236
1175409
1881377
1599334
4114286
3045508
3081423
2312136
2198538
1964444
1971066
5796834
3029880
2844904
3225651
2403789
5515487
2666499
4472401
2123560
2133709
2140466
2270792
2445989
923030
1628241
870863
931832
2080444
1540257
2281145
2189022
4417569
1182096
1213370
688214
1728132
1649306
2017176
6192064
1781143
2593708
2362862
2910629
2662891
2684032
4866170
2220328
1563777
2542809
2438188
1930504
2509844
3712210
1791937
1168444
2111832
1784908
1821104
1883304
7768016
1362566
1067495
1454273
1044709
1825262
1782414
1636752
1690970
2613363
1886420
1534863
1575095
2243798
1675422
1583995
2438401
2597126
2445816
2064059
2447619
1875466
1767020
1569297
2155052
1693218
1731094
1753990
1587356
1960992
2770370
2872781
2225785
2936434
2949458
3028394
2669968
2537206
1574558
1627029
1573135
1556094
2291449
1296659
775624
870509
