3664834
3207025
2639595
4678622
3618127
4661690
7463467
3788463
3715057
3179774
4206639
3181971
2876284
5462380
3539828
3793629
3201120
2850038
2825795
2608376
2771560
1547793
1836465
2386597
2355271
3072456
2380103
5113833
2135586
2793907
2608515
3584174
4141809
3570521
6888368
3715055
4127230
4290110
3774240
3526757
3433049
4314856
2734633
3729393
2705242
2209084
2486702
1961555
5983653
3550181
2858029
3743119
3135878
4628123
3412001
4922016
2180312
2677708
2629238
2525852
1728282
2566191
4854844
3140223
3303161
2356197
1884681
1740463
1810424
3273299
1658316
3030230
2216843
2735576
3343789
1613530
2926148
1774903
1646613
1795216
1819107
1745537
3218838
4885310
2535879
2557052
2155744
2008008
2099198
2536178
3570026
2148350
2109878
1830057
2614942
1555173
1748736
1704136
1047579
959002
1595081
2282095
1918419
2009187
2657430
1259322
1649410
1731054
2855563
1903344
2225675
2793118
1874680
2588714
3047753
1278941
1117838
1576818
1988542
1379999
2149130
2558532
2005943
2310122
2470186
4963966
2239492
3023713
3067342
3110751
3109178
2395645
4606197
2345159
2814402
2025270
1724589
1694563
1870524
3818502
1604159
1880773
1892806
1512161
1695337
939526
2409690
2184089
2775835
2094429
894723
967333
1890369
1566534
781388
1273930
762789
845239
880847
670085
2805995
1893574
732085
1346066
600128
960868
840263
1689431
1672728
2393991
721868
1649531
1745839
2279231
2965510
1915516
1881695
2150847
673149
1510961
970769
5755065
2009873
1801006
1343976
2238532
2068569
2461187
3664612
1726010
1563867
2479275
2579512
2214086
2173927
4738030
2154935
1987570
1658960
1725286
2089062
2397810
4280463
1447827
1369588
758311
786622
938532
1007277
1644505
1822284
1202868
1060719
1609388
1705261
1704570
3104147
2557603
2464296
3189143
2962447
2415696
2159974
3123770
1632851
1681808
2203404
2772097
2024725
843506
2153248
1739406
1751493
2235177
2123026
1248657
844815
2609966
2203467
1455286
1742008
2314944
2200302
2703282
2994464
834468
1754842
2182786
985103
1377575
1658129
3314636
1981250
2234988
2505174
1810058
1588366
1789972
3077005
1734862
2622630
2661526
2493888
1849232
2716753
3970589
2424031
2400501
1769226
1704901
2214898
2547250
4880036
2278605
2714524
2408099
2547765
1777564
2306488
4313569
1614644
2491172
2527925
2179946
2228075
2338019
3087648
1639621
1372085
1462791
2690856
1668263
2174305
3627124
3687535
2512896
3585377
2292892
2377251
2339860
4135989
2074102
1163744
1860823
1021942
1201010
1933207
2875771
2462270
2613840
1710231
2195707
2345253
1590341
4467146
2140584
2298490
2554881
2197533
2040469
2106206
3295801
1652926
1989204
2309229
2248727
2093519
1668926
2476791
1893633
1856357
2662644
1654942
2412262
1776804
1772519
929175
995366
886270
773591
905781
958433
1547872
1127659
896486
926838
907311
983790
808846
4823012
1739006
1582330
1093574
1531256
1709266
2113960
3286073
1482576
1540096
2946518
2455631
2329317
2704079
3526370
2156740
1777039
2308899
1535716
2095339
1956192
3990252
1833986
1486775
1694700
1514272
1355043
1931372
4117312
2035088
2070579
2092165
1659799
2119915
1536132
3587341
1560462
1682015
2181238
1948917
1518508
1563245
2527053
2347621
2373355
2355833
1623846
1490749
1502857
2817437
1550430
866050
1810252
1988201
2240310
1933755
3184694
1393213
1659105
1513475
1827247
2150313
2149509
3284582
1706856
1090441
1633973
1470017
1910605
2007652
2899512
1368583
1497053
1569128
1567433
1452217
1502120
2826791
1412502
1751079
2243142
1961744
1810447
1554701
2620229
2107206
1463737
2336581
2832925
1813370
1982222
3790561
1290380
1494087
1439284
1428877
2152378
1927931
3461295
1509939
1365219
1312809
1446519
1648116
1351142
2615410
1694068
1848989
1990281
1863218
1405304
1402042
2711568
2326342
2478207
1243815
1399949
1984397
1449581
2388930
1320008
1674900
1532745
1537544
1881880
2046920
4279886
2445704
1882419
1329965
1372166
1908658
2023735
3107080
1992623
1867469
1685938
1729814
1540401
1424619
2060273
2057226
1733389
1611392
1406613
1415702
1522536
2521895
1611801
1169163
1184892
1386007
1496950
1994180
4244305
1374340
2305335
2030374
3038888
2218273
1266305
2346111
2058697
2275879
2175337
1936865
1786682
1498694
2767854
1675705
1413519
1407124
1489882
1120255
1211598
2213161
1386651
1520737
1817058
1336251
1661847
1398735
2578477
1589313
1437029
1445534
1353004
1412304
2155640
3388766
2382062
2373770
1380048
1420683
1962975
1745294
2474950
1528391
1391559
2391484
2356927
2339025
2382254
3263201
1373393
2011603
1571307
1397636
1357223
1421813
4150878
1954757
2141734
1503834
1452056
1444755
2290743
3852012
1394388
1817254
1526966
1308463
1291813
1675848
3188976
1469254
1467606
2135112
2359680
1831753
1424310
2675372
2437319
2350279
2366468
1548089
1421801
2627982
4707721
2861973
1238786
1257179
1208419
2911940
2348443
2864227
1933442
1945274
1930326
1512844
1389399
1402446
3736409
1787050
2227910
1905824
1195290
1372066
1534854
2640565
2331048
1436722
1424379
1362604
1362353
2203955
2746184
1396445
1598724
1426984
1402228
2052008
1431640
2143627
1373613
1540678
1594199
1382173
1368378
1631026
2287519
1225612
2042919
1711415
1480866
2015953
958110
2839953
1218485
1261139
2060330
2391686
2326544
1679758
2551813
1943171
2001348
1757611
2240148
2031336
1958719
2192880
1353463
1394421
2066244
1377653
2105605
2284405
4129138
1393568
2169012
1359762
1511075
1406456
1373523
2715790
1292831
2338289
1647071
1919411
1948082
1851081
3556765
1903529
2022664
2013504
2117675
1427009
1799738
2224951
2156910
1884462
1868518
1398266
1346712
1860614
3857711
1940348
1905009
1953203
2264637
2075323
1866436
3863853
1883168
1910681
1402027
1344467
1984498
1973047
3872703
2128317
1897439
1739756
1956159
1358434
1405490
3731973
1923960
2038105
2011113
1892877
1418008
1232848
2158399
1609508
1392411
1372105
1702795
1718993
3076163
4333711
2805143
1979365
1997538
1431971
1507902
1442605
2244313
2006954
12365455
1452543
1404273
1381346
2414235
3954295
2793438
2115927
1909634
2933990
2348706
2362049
3829172
2020798
1898979
2094501
1385120
1518837
1575700
4009393
2204741
1381350
1362914
1343626
1401117
1377051
2721518
1381652
1429305
1618489
2291784
1497810
1948427
4079105
3002330
2848462
3024500
2052337
1226360
1748706
4266653
1397908
1714290
1584986
1566405
1817679
1535165
2396585
2028193
3236811
1823051
1536638
1633655
2500773
4865998
1285039
1204175
1637642
1494628
1751669
1358419
2598634
1700969
1598754
1580397
2260540
2249901
2475721
4686587
2133870
2261689
2219799
2125207
2398016
2216925
4383931
1506830
1555867
2359257
2002899
2114463
1877969
4872880
2334523
2080009
1493082
1290852
1380568
1490353
4342617
1950797
2439421
2737525
2987600
2314817
2224279
2746250
1479187
1479008
1508289
1640032
2293334
1442635
3135026
1469717
1491467
2024634
1431410
1521334
1463513
2909632
1706654
1928146
1465646
1723110
1579549
2154840
3920042
1460214
1498206
1291790
1430282
2300224
2391441
4250539
1707258
2289362
1242272
2568422
2190661
1473470
3081134
1486412
1457373
1628927
1412221
2438011
2343889
2373921
1535076
1466514
2316170
2179846
2245339
2489674
4619736
2179896
1997989
1966119
1489536
1551862
2023718
2287662
1672339
1625665
1921115
2115359
1961733
1768120
2582503
1445113
1704699
1431409
1474377
1976409
1426710
3736129
1974002
2026805
2176350
1912696
2073791
1972536
4444023
1452332
2421674
2224466
2420712
2215629
2335289
3343599
1262163
1405746
1522004
1370592
1399932
3148035
3554112
2877019
2354201
2098887
3193949
2740907
2347557
4525475
2128585
1446173
1418531
1476964
1397609
2063771
2917448
1850103
1728607
1764530
1621556
1453424
1677529
3102622
1553177
1215275
1364065
1151363
1276649
1742525
3024897
1317351
1607664
1574214
1662533
1561632
1486674
2345031
2061978
2130108
2565009
1399178
9232616
1153770
2576958
2342335
2402777
2045050
1431075
2003769
1797495
3671993
2488431
2329075
1888541
2191687
2466366
2196178
3723570
1596165
1656821
1522037
1532924
2517196
2367324
2617801
1509717
1931824
1476538
1595977
1581213
1495556
2742532
2018934
1827815
2032627
1448200
1394666
1508150
2873197
1895214
2235321
2115227
1510153
1554725
1665031
3249536
1545476
1578912
2339723
2508676
2533939
1607698
3212351
2373133
2340474
2356979
1650713
1783409
1340165
2428722
1450303
1401850
1706103
1729155
1488629
1822978
4599415
1548898
1813381
1931824
1464618
1313862
1305233
2958406
1476036
1576633
1539955
1518141
1526461
1572795
2700766
1653758
1419903
1447716
1475644
1699528
1584000
2836752
1456281
2414228
2628891
2436227
2907881
2509089
3542349
1654478
1449573
2312093
2565280
984039
621419
1026519
561985
560518
636129
504171
664183
612140
1320866
694027
691575
816796
668970
851872
722581
1458988
681230
835883
902771
824692
878344
843355
5224375
1286438
1344361
1367881
1910060
1685117
2150831
3844114
1271750
1215804
1240073
1387821
1993698
1471044
2236941
1266094
1505587
1768469
1801782
1696182
1791455
2857819
1344122
1398973
1361506
2391335
2399937
2243570
2523922
1517114
1379141
1532546
1957607
1731349
1397768
3811936
1983699
1377633
1351088
1950328
2706895
2983313
4118349
1883193
1933267
1542109
1186522
1243995
1198354
2567064
2221227
1905514
1571377
1540857
1421337
1343846
4143883
2075795
1843905
2304047
2200811
1454475
1488368
2547990
2230208
1351758
2096402
1404723
1384383
1515414
2533878
1891169
1521826
1358064
1397528
1594779
1330866
2369200
1756647
1808126
1790917
1382428
1468448
1344411
3454044
1690638
1552777
1369289
1359626
2700830
1063567
1949381
1193482
1183957
2330180
1840422
2199082
2265856
4688878
2649939
1873799
1257246
3554329
1312199
1358925
1891414
1316712
1329203
2335639
2225993
2281524
1299005
2085830
1246190
1411670
1360604
2012376
1959080
1926000
2817051
1353395
1776513
1526536
1381962
1383819
2011747
3909201
1602709
2056481
1982514
1571747
2040851
1247337
2912715
2125838
1813340
1620373
1823142
2189464
2494915
4183913
1974405
1927200
2061919
1895161
1706031
1895246
2878447
1350820
1381442
1818993
1522070
1274534
1384002
2573007
1745472
1651012
1728421
1377384
1342413
1902883
4029598
1748558
1389953
1318233
1337938
2164115
1820810
2458216
1310239
1309769
1430278
1307402
1711422
1946938
4064642
2070949
2152280
2039576
2674405
1310916
1347742
3080760
2256626
2221321
1387893
1907624
1345485
1505252
3119787
1283093
1473992
1437844
1802043
2008518
1368582
3845872
2847684
2329986
1601736
2349691
1954881
1976415
2979119
1747465
1444179
1369787
1498096
1367032
1419322
4176166
2094921
1862568
1247826
1312158
1447657
1619142
2495908
1401974
1380413
1332455
2114405
2216336
1493015
3343894
1354510
2195771
2366168
2369644
2172208
1348682
2702424
1364862
1325564
1633442
2154569
1825608
1420199
2127711
1202284
2129256
2219634
2402115
1492948
1508479
2660969
1780921
1343014
1426228
1351068
1335542
1397152
2603506
1346036
2111524
1744236
1417159
1327416
1310224
2591686
1903648
1526189
1382509
1862512
1974060
1827906
2171980
1498572
2006959
1880017
2823298
2805780
2799395
3846738
1325740
1363160
2383954
2441526
1632785
1491126
4109715
1485357
1526900
1444437
1317496
2249178
2289815
3450285
1947155
1813350
1869362
1357541
1333493
2151607
3967662
1853060
1863813
1350606
1956881
1375873
1806138
2625957
2001858
2063111
1490844
1921726
1874273
1469697
2449026
1899621
2136846
1578663
1530910
1510864
1466228
2517334
1355196
1354147
2064359
1980193
2877474
2955589
4441738
1814861
1957455
1925149
1488073
1349218
1358168
2290585
1336489
1528354
1311426
1274708
1399454
1068665
2327639
1928922
1771415
1333803
1319085
1427427
2118812
2207006
1296639
1337370
1212055
1331944
1365936
1381001
2057297
1260193
1302868
1508737
2005917
2033695
1791665
3748661
1791530
1831947
2979248
2781389
1766783
1914395
3186737
2217239
1584749
1692841
1318243
1384402
2446056
2184145
1355327
1396997
1367051
1518412
1423624
1310676
2258835
2062988
2317899
1553380
1339917
2226707
2307841
3301846
1470126
1347410
1255482
2216209
1844646
1408006
2661193
1399804
1407909
1920258
1914474
2074997
1687640
3471439
1345051
1385841
1345179
1353097
1405443
1325715
2429315
1418632
2045757
2091125
1938487
1547755
1919200
3526658
1994666
1922568
1439495
1386936
1312118
1181985
4194578
2026738
1764434
2165180
2309555
1500813
1870510
3155721
2208467
2866329
2190071
1720000
1820730
2034783
3510968
1345064
2112924
1903233
1750363
1812193
1562047
3781730
1519401
1929654
1736181
1337632
1414842
1660236
1983559
1419063
1224449
1340835
2265606
2297432
2276470
3559644
1118122
1319523
2187348
1338165
1286122
1359869
2328461
1524038
1268916
1173968
1460951
2164974
2212498
2850119
1351108
1338138
1363188
1299203
2261693
2247442
3474755
1822995
2311742
1810259
1466549
2965428
2957168
2532816
1883445
2082097
2006069
1859324
1620174
1846220
3587626
1655530
1405506
1381169
1317051
1485733
1393594
2233640
1341942
1379717
1902825
1730718
1469722
1315801
2034468
2958155
2530323
2774524
1907438
1977410
2229303
3387303
2748323
2075259
1920829
1860361
2242007
2289534
2620732
1362030
1280038
2260958
2122027
1950145
2124821
2721480
1341247
1526766
1429726
1337485
1339271
1501583
2950129
1354258
1977377
1774818
1338153
1366407
1536543
2168114
2158050
2160612
2429888
2734563
1915893
1564791
3151376
1868726
1898373
2847159
2790090
2100143
2104626
3487210
2602141
2226406
1979170
1816129
2079173
1999206
4522044
2723215
2717966
2137949
1432272
1214958
1296519
3054921
2131332
1921252
2121521
1964950
1979291
1989404
4106692
2003857
1812944
1997187
1802826
1910230
1427455
2400787
1471942
1353297
1564876
1813811
1811842
1880983
3936392
2539452
1773551
1345218
1308400
2160302
1977041
4008988
1929649
1883567
2008713
1343921
1851385
1918587
3532340
1339100
2146427
2330101
2225266
1580132
1959426
4735321
2952893
1316415
1224876
1388577
1273888
1378835
3488483
2065813
1486508
1369660
1316634
1229821
1416476
2356921
1350397
1449936
1341440
1326412
1400249
2168700
3871768
1404855
1352573
1367259
1507191
1921024
1851672
3936698
2280238
2279687
1710883
1886606
1853487
1893509
3546971
1445705
1348351
1403938
1514308
1400152
1369312
2631950
1319343
2335409
2060043
2224122
1377469
1476386
2084921
1815513
1634981
1324151
1384810
1350063
1346717
2290558
1348079
1971101
1759358
1312320
1672972
1351910
2414759
1515069
1393424
1359719
1989711
1405916
1493637
3177424
1332506
1235220
1715360
1887188
1828794
1638509
3417063
1744537
1839580
2279571
1489368
1801422
2606869
2993599
2084092
1594529
1332561
2248947
2308843
2357439
3755278
1847099
1330435
1329673
1347460
1422464
1540911
2761964
1407989
1916524
1894665
1795941
1384189
2183394
3370780
2052918
2059969
1937938
1838011
1946566
1922308
3819763
2045456
2305915
2124829
1799038
2351267
1329844
2715001
1393571
1360636
1947674
1150067
2089299
1891280
2590797
2232430
2266152
2240612
1515118
1229786
1407551
2277650
1235271
1418801
1228781
1342248
1399437
2055138
3807185
1733264
1673329
1250758
1256760
1289304
1344362
2782546
1309270
1414367
1995303
1601791
2270641
2851719
4367299
1580774
1789726
2803700
2048846
2225741
1437733
2281750
1927628
2832159
2808902
2866526
2139024
2051833
2594877
1853477
1354179
1519641
2952738
2182569
1757602
3093531
1328532
2864111
2939658
2939051
1803669
1877386
2394702
1297542
1273751
1278863
1305870
1363664
1936269
4111619
1540597
1845844
1345450
1304476
1400464
1436055
3326705
2270667
2339685
2281360
1273332
1314985
1291541
3665802
1186275
1258746
1435990
1515089
1963911
1934781
3796956
2687747
2787989
1626667
1868435
1891092
1354239
2495616
1444109
1387972
1290661
1515415
1318724
1351624
2677987
1824950
2176907
1389427
1359633
1527972
1274814
2232617
1467162
1370551
1327874
1301224
1805868
1849868
2383922
1374911
1430322
1474277
1359818
1859700
1348956
2447261
1431356
1519915
1307125
1365511
1340814
2225795
3278371
1295766
2001126
1920187
2949280
2440553
1832850
3255158
5006804
1884151
1731725
1338824
1385658
1740076
3895675
1577376
1229344
1990999
1451640
1290528
1513065
2633249
1306080
1311313
1549716
1356764
1347372
1872840
3673157
1282993
1345670
1499043
1336484
1328286
2323005
3457371
2366479
1509682
1421923
1719326
2380991
2335539
3667257
1373783
1266968
1345482
1412014
1365901
1852833
2570154
1917583
1712426
1907988
1922187
1378618
1368083
2473268
1248382
1246556
1794209
1343866
1359156
1787367
3676017
2143021
1899407
1687338
1884170
1996485
2827414
3128837
2270491
2171759
1342790
1446925
1469481
1457754
2622349
1697087
1346403
1454697
1482651
1328105
1576609
2432169
1342132
1472894
1573328
1360988
2044947
1812552
2970269
1796597
1724567
1752242
1664989
1346021
1386984
4042679
1888280
1975683
1914058
1964913
2552205
2075524
3052628
1352435
1360468
2270489
2294751
2330192
4754781
3944831
1861523
2190090
1724272
1800494
1813644
1847403
3176553
1310295
1940874
2667996
2761282
2802397
2033775
2465946
1397456
2527064
1623623
2055665
1947880
1342673
2532931
1385861
1296247
1619671
1394836
1341045
2073607
2441002
1455038
1740034
1440154
1525059
1342397
1482465
2547283
1370076
1333718
1364262
1336414
1311924
1563955
2395474
1347171
1352105
1314349
2168598
2285919
2242198
6123587
2803144
2443278
1800992
1369908
1725322
1834374
3774746
1900183
1318608
1306742
1588350
2757720
1949030
2788392
1285036
2274766
2341023
1359554
2031635
1814944
2416503
1592814
1344464
1130229
1467676
1436897
1321731
3895546
1882817
1462661
2055503
1910380
1968836
1607418
3329513
1888077
1597010
1674845
1957306
1859004
2841401
4890695
2583510
1940189
2024437
1833481
1843863
1804846
2454453
1740648
2075757
2010253
1108618
1382403
2232320
2426316
2118798
1506735
1305249
2247194
2270548
2287104
3406670
1660583
1408652
1337522
1070461
1368747
1476206
2425342
1320939
1437940
1695924
2015077
2102143
2283576
3092020
2313553
1856874
2132558
1814864
1970767
1916514
2808841
1929344
2041011
1953132
1542105
1883544
1289090
3900511
1704942
1913221
2805629
2742807
1940243
1295490
2339075
1857486
1358580
1741457
1886902
1828059
2822984
3333310
2305751
1416345
1305076
1296048
2059541
2199425
2147933
1352375
1396327
1272220
1934043
1880674
1977800
3838255
1431404
1327098
1879251
1331214
1943458
1923606
3783676
1404815
1313190
2092528
2276489
2287134
2289119
3565411
1395697
2065562
1285164
1340639
2862162
2792374
3661412
1108157
1218294
1943786
2868938
1983906
2003502
2283993
1320002
1425170
1873907
1431380
1441007
1371989
2396023
1405999
1719587
1231280
1333167
1992662
1504896
2485631
1317628
1340613
1331493
1332786
1358730
1636602
2529167
1433010
1255619
911047
1456540
1269692
2006283
4541975
1898751
1898068
2370107
1445087
1331658
1354742
3872484
1942164
2042681
2095333
2801104
1242059
1891900
3650027
1830860
1370417
1227828
2270405
2036023
2025155
2576611
1363724
2292652
2385241
1323345
1577389
1377590
2115134
1338353
1544035
1359914
2015980
2078484
2059503
3446273
1991515
1999172
1959497
1871467
1560311
1307770
3273620
2748811
3012904
2021227
2063943
1953919
1857821
3862551
1693528
1862086
1889278
2693312
2082923
2237057
2233302
1933182
2644169
2204909
2779014
2105867
1982988
4006336
2897562
2890702
3025237
1937386
1969610
1374848
2733341
1906782
2099324
1771205
1995152
2012953
1933257
3664281
1351368
1357282
1578604
1801574
1898712
2046826
3462393
1901601
2095861
1997989
1914515
1367501
1352014
2374833
2348357
1928702
2000383
1917005
1908836
1706124
2292667
2594922
2741862
2149121
1580347
2067087
1376515
4460816
2011159
2116232
1830731
1945710
2184057
1947833
3808622
2424010
1278021
1880040
1373027
1364242
1402353
3910208
1970482
1859154
1961080
1865042
1324381
1321781
2537832
1994143
1401903
2018921
1514253
1408338
1320533
2636842
1303082
1256581
1492132
1369918
1387019
1315928
4289790
1607953
1866379
1847027
1353132
1317737
2242548
3267831
2733583
1886818
1406638
1361090
2465376
2212558
2640662
1907512
1314735
2263140
2246552
2137585
1452369
2157764
1250696
1480634
1308395
1217767
1362420
1486049
2434879
1381171
1881109
1555481
1328443
1347748
1552569
3232201
1826366
1494367
1343881
1369289
1396347
1455694
4217870
1893384
1344768
1917626
1895056
2649820
2774153
3860380
1206016
1845608
1601248
2010502
1363971
1371884
3061591
2188148
2770493
2126009
1316855
2282764
2186980
2946983
1329319
1407347
2226050
955122
2268086
2294225
4134451
1985425
1572109
1325113
1190133
1698433
2195658
3065525
1534719
1428314
2004256
1627600
1977457
2173357
3753663
1789348
1801220
1285915
1321987
1555272
1365822
2075172
1186038
1253529
1280961
1293329
1371256
1759165
1927175
1419516
2239516
2476270
2382330
1479647
1341801
3093378
2130294
2304068
1472406
1558458
1355647
1396153
2355017
1329428
1965920
1338869
1325354
1329518
1395453
3110041
1515465
1670555
1946758
1429471
1684516
2298774
4329258
2784597
1941755
2059861
1334934
2026769
2064089
3862427
2800636
2711877
2032176
1317070
1314986
2663760
4620959
2291722
1849652
1400014
1244686
1871738
1906842
3962367
1842216
2051715
2195106
1979216
2068425
1368988
2461936
2248682
2149373
2253365
1306747
1356194
1352693
2553414
1346773
1701076
1362865
1312094
1290571
1339686
2532395
2643902
2567604
2608602
1873839
1332370
2337177
2898987
2245551
2210163
1868375
2020480
2085568
1323349
2349098
1357848
1356425
1442803
2774716
2538863
2692157
4088071
2510661
2047235
1483753
1324552
1607405
1319721
2522010
1840869
2039799
2101764
2066629
2062430
2152879
3605723
2937809
1996119
2805316
2585215
1313332
1282657
2065720
1268535
1241107
1495575
1312530
1379362
1999195
2452384
1914308
2626614
2642530
2844041
1887002
1923801
3215541
1247387
1358168
1410122
1357718
1379116
1841142
3113098
1869698
1316108
1297312
1375048
1273455
1313423
2899111
2226089
2412795
1876073
1848094
1757672
1898335
3716193
1860737
1970416
1861941
2012482
1343695
1370075
3033851
1415418
1323035
1957691
1359336
1650530
2305716
3267030
1344557
1401009
2304071
1955441
2347961
1191469
2383506
1340482
1310954
1299068
1262248
2212637
2354743
3307723
1851590
1230580
1331318
1773498
1688895
1999276
2050426
1861218
2055188
2025811
2505816
2619722
1943370
3589407
1315139
1357184
1464910
1300933
2192583
1381117
2418462
1398046
1007225
1950220
2228832
2006215
2007135
3357766
1737256
1543163
1164545
1339661
1421218
1321461
2787487
1349242
1451910
1357766
1276950
1482063
1625264
2674318
1315653
1308722
1588155
1919056
1911676
2051991
3701047
2393424
2034288
1354380
1318526
1345206
2067242
3007382
1526110
1306690
1925496
1322613
2100553
1587874
2535926
1572494
1868235
1888062
1988237
2350045
1943068
3626014
1295051
2287189
2769997
2044479
1277809
1394140
2440922
2361261
1934921
1933312
1336750
1764483
1749437
3383040
1453735
2706234
2737419
2587389
1616061
1989312
2040052
1287388
1309844
1508651
1298274
1293333
2843239
3219877
2375906
1724931
1297606
1327995
2216544
1926682
3649193
1398838
1568688
1488495
1845837
1878089
1839261
3936320
2008848
1354092
1380308
1696865
1363661
1332445
2653843
1347645
1376562
1732466
1831799
1229357
1255127
2492896
2586673
2214156
2294634
1473033
1329358
1320985
2608244
1709610
1436228
1521881
1353208
1370869
1784184
2488981
2390983
2123252
2283055
1761627
1339913
1936924
3341482
1363981
1349964
1880420
1942200
1863699
1358497
2412478
2276860
2782798
1747226
1472865
1312946
1299175
3277301
2331494
2267501
1980479
2020154
2087828
2788656
3833963
1561214
2018135
1851944
1722720
1902482
1835245
2775016
1342608
1585785
1480396
1074993
1889187
1859856
3011096
1618095
1327386
2235221
2190887
2214052
1517439
2599447
1682752
1511037
1871980
1887514
1342749
1329990
3649661
1360528
1352998
1823522
1686685
1209986
1437548
4055558
1350531
1411307
1257141
1326793
1500375
1966083
3912761
1332841
1325584
1721222
1785745
1817287
2150926
2334719
1350392
1365560
1360102
1486258
2727026
2033870
3916691
1264329
1356019
1463089
1327093
2321993
2830133
4498949
4099210
1807963
1861549
2539335
2627352
2610810
2988290
1458540
1316971
1368520
1830639
1919954
1327217
2526922
1327800
1403457
1626231
1206979
1219775
1390742
2563002
1363934
1739549
1798620
1571879
1388883
1371744
2660154
1828116
1352896
1347722
1353852
1333361
2244362
3276099
2229418
1868251
2504013
4608417
1805017
2050744
2426364
2029550
2027041
1686172
1349539
1341138
2242822
3108941
2296365
1358623
1438064
1305750
1326797
1400242
3465424
1300634
1290886
1246706
1689159
1817658
1927757
3257828
1838223
1992316
1863433
1806094
2255066
2621302
4094551
1416955
1331613
1866840
1323946
1273952
2029534
3691943
1654380
1466071
1289311
1477099
1768356
1690201
3840707
1346091
1339898
2286987
2600751
1727451
1361777
2459102
1992547
2329188
2259461
1325639
1291883
2181174
4745762
2766087
1963249
1430800
1258402
1338755
1408669
2479914
2180075
2762143
2924343
1401806
1352563
2287480
4831766
2950067
2174529
1551765
1927956
1570143
1358344
2469410
1340894
1380439
1338564
1420623
1320579
2250606
2722571
2187862
1779827
1303854
1349233
1792957
2162255
3020045
1442692
1832780
2313754
1938769
2075452
1571141
2128032
1193915
1847404
1283389
1316158
1383792
1357980
2567214
1794347
1274877
1805989
1380655
1423512
1930506
3537964
1677887
1882282
1967625
1518978
2225334
2007085
4192974
2014045
2006584
1203760
1407025
2198725
2317101
2702665
2339563
1718248
1667336
1979221
1877754
2095054
4229239
1792584
1808946
1378627
1296065
2262780
2705858
2829039
956884
731115
833636
1511687
1413948
2023880
3424064
1884697
2028672
1719672
1904527
1851322
1285959
2436122
1859944
1314415
1277189
2329656
2315088
2284191
2707201
1246782
1900496
1384392
1379106
1562339
1330541
2639068
1445798
1317667
1319004
1812012
1412206
2043233
2723126
1431145
1839212
1842865
2151298
1310150
1537059
2486196
1402990
1411886
1647614
1886296
1826044
2806105
4555042
2726093
1496567
1373979
1851882
2118808
1386220
2206335
1316995
1336063
1315663
1874513
1916288
1557375
2618678
1315702
1385500
1918551
2017523
1313341
1847992
3542043
1888777
1778488
1947386
1823081
1892210
2230449
2944638
1497554
1985772
1681764
2944104
2109080
4445664
2676851
1383074
2249246
2006845
1205147
1754497
1071710
2453684
1864042
1872026
1852445
1520161
1327168
1897937
4657967
2683654
2107798
1659652
1357978
1625222
1369132
2446895
1238382
1349279
1339588
1815916
1334019
1937543
3876367
1325560
1714224
1430692
2371601
2394678
2265104
4749467
1944946
1598328
2854481
2777235
1915033
1913207
2586234
1319496
1592116
1353165
2522302
2091606
1980043
4128685
1785524
1272926
2180757
2111526
2091876
1540007
3676659
2984999
2619847
2183177
1674347
1390737
1331990
2412322
1310361
1196898
1419886
2044257
2765380
1935748
3779231
1394333
1229403
1968362
2038119
1362382
1352301
3369354
2093968
2478123
1912418
1360974
1762449
1733534
3604663
1628926
1337240
1347157
1239649
1270293
1268273
2751393
2419575
2221080
1779368
1982809
1752934
2965406
4725420
1681761
1590429
1361727
1315163
1318478
1380189
2541085
1918320
1367923
1195265
1387491
2293378
2021904
2964367
1866450
1371108
2256966
2716447
2756418
2700992
2790510
1349624
2393964
2798638
3323989
1885732
1374980
3175099
2421947
2745905
1469179
1368298
1366630
2061247
3758670
1885724
1285381
1406303
1479464
1682555
1792093
3818562
2042854
1357975
2002809
1852920
2889253
2752323
4874905
1675749
1382478
1439723
1241386
1338299
1310460
3424606
2269613
2210569
1241097
2103688
1785082
2076045
3898647
1997817
1838242
1785644
1985450
1977783
1993790
3973221
1977096
1380711
2056655
1619956
1659311
1447907
2566979
1548269
2014010
2060546
1994030
1988838
2777335
4054504
1299851
1284364
1926514
1308046
1330632
1958343
2422957
1893048
1936093
2015382
1359574
1525547
1850416
3799980
1842411
1771664
1343074
1319140
1399342
1343355
2330775
1062538
1436126
1319165
1333000
1384618
1293151
2578500
1791604
1983863
1742179
2839587
2124190
2736895
3829443
1410236
1307027
1471694
1971394
2075234
2181756
4565393
1424048
1906645
1916440
2040450
1947094
1737232
3706808
1372028
1639787
2810289
2915129
2728099
1466153
3917369
1762201
1312329
1278753
2320174
1374222
1397483
2722985
1892703
1667552
2113534
1989797
2485831
1652301
2138234
2910614
2744356
2659743
2657555
1714775
1308692
2605796
1753756
1535831
1377453
1315256
2232757
2364729
3417246
2373325
2325962
2331409
1330351
1851991
1354871
3920712
1777068
2180964
2038686
1325054
1304160
1188703
2181338
1420282
1970872
1285088
1342583
1413134
1242961
2661196
1254201
1395543
1320021
1336304
1513752
1371955
2394578
1946398
1361827
2353064
2037606
1966536
2012349
4033076
1851730
1648527
1719466
1779584
1901473
1336371
2281206
1547155
1284987
1268605
1358889
1343259
1336029
2617051
1344558
1506505
1394895
1336856
1404041
2291088
3266306
1373708
1346657
1327905
1727857
1922867
1983058
3660718
1937476
1313502
1349717
1768619
1352650
1380890
3686844
2486785
1406205
2017151
1306001
2241566
2819671
4447140
1668493
1437418
1298495
1516417
1208454
1719492
2751541
1368863
1337447
1103694
1352766
1780602
1651884
2702541
1299045
1813588
1872381
1741653
1720116
1629113
2994508
1330325
2339042
2342655
2350038
2266858
1266169
2153710
1488536
1451750
1319058
1238535
1140703
1028463
2706291
1293103
1211931
1449817
1756360
1701301
1376878
2501655
1196388
1037206
1035442
1321474
1315307
1302804
2357997
1341685
1281867
1833140
1320092
1359928
1484349
2477670
1333012
1342483
1332355
1875646
1380646
1997848
4073087
1877455
2119885
1333851
2550716
2842573
2953800
3415373
1878024
1810053
2013755
1859951
2394402
2333329
2960376
1792197
1352506
1282671
2249323
2210002
1396827
2484910
1294097
1374395
1334515
1362694
1620083
2004343
3722464
1950365
1394106
1345565
2240523
2151763
2303305
2363498
1195091
1594615
1282965
1309649
1259883
1348433
2362783
1889886
4082523
1292626
1392217
1241878
1420033
3952515
1986007
2135120
1384850
1376096
1773945
1696853
3121631
1898042
1356183
1791376
1634911
1400474
2322774
3357563
2282499
1370979
1396270
1412297
1361107
1385246
2028666
1858499
1648004
1709735
1327572
1360994
1441337
1748877
1232191
1244516
1347038
1490399
2270986
2944104
4629013
1354123
1360303
1558896
1931779
1370077
1304958
2291694
1963272
2283185
2289210
1518707
1460300
1372315
2821820
1338113
1395853
2337648
2238101
1337738
1344602
2022473
2738712
2789727
2894360
1929516
1240983
1234695
3795637
1891597
1764243
1949983
1770588
1987174
1968782
2360540
1326081
1205054
1213359
1333095
1380289
2543625
3131192
2292967
1514352
1760115
1360624
1773316
1431056
2400727
1843434
1698313
2133922
1820005
2122892
2017919
4043784
1901905
1976177
1986259
2029821
2065023
2077364
4029743
2121990
1492438
1208863
1317942
1305254
1584653
2366653
1379278
1271831
1292234
2490919
1867120
1909297
3905962
2307366
2183282
2094711
2066640
1924953
1781530
3770319
1855364
1913749
1395463
1540274
1364681
1368223
2869680
1556569
1857491
1755902
1742201
1714667
2389291
2643551
1761578
1313038
2270442
2116923
1959444
1589945
2404789
1365193
1973882
2211197
1882347
1588538
1533947
2501066
1480867
1266806
1319756
1355082
1351218
1356560
3170134
1929804
2836952
2239313
2315731
1427015
1209749
3531897
2002103
1650311
1920588
1958043
1293041
1363174
2549780
1489017
1954347
1990582
1749469
1351562
1362449
3446542
2128053
2120073
2890537
1300423
1332230
1505680
2526812
1528405
1365661
1461134
1445792
2256505
2235261
2892406
1388473
1374771
2100796
1345690
1867721
1971699
2639244
1422613
2176654
2019548
1531877
1266873
1432508
2716228
1316620
1478592
1832664
1315792
1285474
1501818
2504406
1414526
1198726
1278199
2154674
2292301
1373039
2483189
1220288
1223209
1501276
1299341
1544336
1363852
2469350
2228635
2303366
2344256
1691720
1363643
1334369
2802752
1398795
2088759
2010883
2778165
3116709
2281986
2686258
1980096
1881456
1833226
1123099
1110675
2013634
3355380
2333713
1686392
1920969
1641395
1940159
1871748
3754879
1316381
1379270
1548284
1389033
1315818
1949104
3701465
1996199
1528932
1223670
938872
1073430
1131863
2026573
1587238
1338559
1577265
2056465
1978910
1473270
2431481
2325465
2698320
2689999
2750505
2083132
1891102
3393336
1339646
1329368
1753283
1735582
1325189
1517871
2461760
2327345
2159602
2156478
1484911
1353202
1360707
3559774
1464740
1823706
2074391
1694510
1793115
1929098
3727777
1830385
1875213
1878518
1273099
1294609
1281688
3271574
2278102
2247201
1410071
1365615
1526167
1361718
2393705
1881670
1870951
2017943
1797755
1847517
1824701
2715354
1337261
2269975
1416596
1234806
3011660
2594208
4713397
1477331
1524167
1310001
1330025
1310330
1287404
3974494
1326026
1849299
2133351
2458853
2018549
1320955
4064633
2059543
1985019
2760602
2788110
2922344
3016877
2598978
1346616
1831649
1204281
1392936
1368271
1334620
2379592
1306670
1307221
1290023
1352273
1401852
1807241
2678666
1397984
1525483
1336800
1341656
1328918
1328536
2433242
1382954
1257144
1878487
1361521
2302299
2659057
4874116
1746458
1283481
1434344
2254996
2022729
1487211
3745368
1964733
1575897
1677928
1908931
2499100
2043548
3828258
1732444
1741695
1347523
1431251
1392286
2088158
2727451
1336151
1409053
1494755
1424513
1302092
1656712
2464313
1772431
1327276
1395186
2096788
2784933
2886668
3513443
1862246
1351688
1812369
1946409
2324460
1954502
2879248
1378683
1897781
1950129
1944327
1917427
2196100
3646504
2319179
1450105
1262099
2226698
2238429
2303557
2462723
1851623
1869344
1868170
2204844
1893799
1572032
3871009
1782608
1990917
2017924
2128620
2925026
1466235
3276899
1330501
1703000
1950831
1383937
1349113
2288631
3802030
1757106
1333307
1384458
2375770
2557387
2109893
3047774
1413742
1414693
2048052
2319632
1674415
1469801
2396675
1961548
2315819
1597596
1506454
2114598
1585093
3188473
2063490
1937961
1827352
1562075
2023436
1500075
4180491
1753875
1402268
1964067
2085116
1867473
2775681
4699224
2827856
2736197
2010525
2041818
1360920
1394706
2484876
1355815
1266706
1336946
1945146
1594585
1701782
7554283
1674915
1246682
1386011
1364543
1341149
1341074
3457617
2257926
1517885
1425752
2722992
2166721
1571854
4254889
1986092
2270613
1983720
1977808
2001637
1888180
3191734
1919180
2477113
2036105
1806119
1327549
1768520
2349238
1340323
2032602
1941952
1502760
1996856
2067425
2649099
1398599
1443530
2289022
2260471
2269109
1540564
2432754
1348556
1389259
1400399
1512578
1592199
1390548
3639434
2322286
2311847
1437207
1230629
2067890
2492710
4154981
1600233
1295881
1387354
1508856
1285401
1289256
2683353
1337281
1501754
1420896
1371533
1402623
1902115
3701426
1900324
1907112
2114087
1988319
1837567
1868898
3760036
1993884
1895224
1730222
1255337
1431250
1334840
3255201
2095780
2302625
2340224
1367745
1387143
1689993
2337034
1409054
1745057
1290293
1338940
2051394
1297036
2485704
1259191
1297554
1852333
1748360
1694176
2414504
4024013
2051123
1579898
1187719
1338193
1595767
1711916
3582185
2060701
1650803
1145376
1257111
1446721
1587197
2352908
1398042
1430212
1375317
2416675
2921071
2411407
2397434
1411640
1671373
1598869
1331352
2273889
1537108
2101961
2413530
1765662
2135559
1336153
1322783
2271098
2931955
1387648
1328442
2191833
1799990
1814041
1444053
2522989
1359424
1360022
1348587
1337977
1389384
2318545
2641732
2097144
1864794
1468009
1385120
1079351
1485322
2335322
1283421
1379888
1348903
1327313
1360965
2449287
6412550
2762987
1856739
1931327
1837811
2024284
2047239
3327695
1305342
1362183
2465439
2155851
2340389
1789259
2349234
2198754
1734535
2215679
1458401
1472680
1317331
2667811
1759692
1841845
1687869
1774402
1864824
1639150
2463158
2374517
2310361
2379669
1997408
1907300
1307271
2082706
1193388
1210191
2138959
2144676
1980915
2056240
3884518
1562998
1825582
1331230
1488561
1180899
1388587
3171179
2276806
2866277
2000931
1988788
1557006
1850916
3816974
1576517
1989223
2253798
1856979
1840351
1930426
3816881
1259633
1824650
1716339
1355918
1773505
1405391
3798144
1323494
1444728
1353546
1324392
1351490
1285470
2173850
1251672
1357733
1594408
1343756
1842517
1883625
4365254
2608611
2139812
1575547
1391356
1316544
1309498
2506686
1327373
1582303
2116254
1337231
1196677
1378460
3375877
2181555
1394268
1418900
1066221
1268654
1530284
2509867
1308897
1279204
1201461
1503778
1837580
2151006
3524604
1338355
1366783
1771698
1367976
1341584
2177371
3278937
1243041
1967490
2190225
1474292
2032407
2036796
3576467
1828670
2823469
2839536
2792955
1941100
1377893
2581411
1575807
2038634
2049916
1914460
1980863
1972800
3503275
1279323
1536218
1660415
1440688
2055198
1880813
3753993
1904701
2864989
2857476
1874679
1906537
2902163
4808093
1918152
2088974
2105668
1938855
2322624
1988126
4237345
2058271
1922694
1902395
2006207
2185565
1445699
2274706
1217958
1527810
1227411
1337432
1912106
1343977
3596688
1314702
1392326
1348580
1610074
1429941
1571896
2296938
1332007
1327120
1362243
1780661
2689362
2285249
2173631
1362608
1385151
2348229
2291264
2358440
1343485
2378662
1979953
2166992
2173883
1540697
1366027
1688245
3355109
1699133
1824154
1351837
1320007
1814123
1525528
2088881
1952349
1932195
1931408
2046148
1792931
2880590
4292388
2810071
2130162
1930265
1330436
1591998
1607759
2771040
1990272
4898824
1323310
1316413
1401644
2385682
4428347
2758644
2108108
1856503
1328937
1572419
1503402
2508847
1381439
1340794
2262864
2299633
2375961
1902488
2185675
1117016
1422584
1199659
1155337
2820165
2194445
3027857
1320485
1335650
1742166
2067107
2094214
1757970
2658757
1332771
1433636
1383511
1492643
1381177
1436901
2956635
1381212
1356110
2145272
1423417
2241686
1063619
2478047
1925319
1841746
1393810
1477384
1607184
1355748
3292543
1864366
1826944
1253323
1325127
1570652
1571388
2186245
1347093
1819920
2081162
1576694
1223610
1360918
3220958
2147551
2106811
1390516
1271262
2223937
2831784
4634867
1885133
1829366
2083818
2123653
1212996
1277878
2822212
1362959
1499394
1578702
1702304
1486548
1322797
2425859
1845951
1875025
1876453
1377700
1353561
1372250
2700020
1732978
1528563
1600473
1329688
1480763
1351478
3411973
2105596
2343547
1828890
1961174
1839745
1887328
2334928
1844200
1782022
1336567
1412688
1400835
1314731
4088509
2136904
2859787
2029616
1204255
1364669
2288942
4306169
2720504
2072584
1581483
1392660
1691786
1316164
2245383
1349800
1340373
1283614
1319315
1330786
2346940
3163776
2190152
1525801
1426974
1681020
1828209
1918809
3524997
1851763
1806810
1965019
1902432
1882633
1408730
2730800
1771049
1288617
1344412
2343699
2225062
2297854
4178986
1975970
1997428
2084134
2055101
2245829
1469777
2406520
1652105
1235819
1308025
1293676
1297589
2099178
4438180
1330397
1583910
1381812
1303996
1256888
1350210
2614019
1311893
1303838
1346417
1322212
1375092
1921867
3946967
1863254
1782305
1388963
1336209
1762546
1755399
2446636
2085191
1720921
1975982
1896211
2004042
2126956
3278348
1271511
1536847
1354116
1330528
2367139
2501935
2824646
1334514
1354501
2408710
2492683
1991635
1962249
3631312
1909423
1917260
1806894
2008808
1999261
1903790
2523414
1973282
1923219
4677595
1335518
1961396
1608285
3804625
1771705
1348252
1338103
1521479
1440661
1339100
3123911
2292256
2339212
1518939
2074819
1513334
1372992
2465349
1459093
2249770
2355374
1369219
1243102
1535001
2645023
1267543
1282223
1437321
1320027
2290657
2325972
3276850
1655553
1907373
2814777
2947581
2186466
1671064
3775361
1364640
1324822
1627683
1425815
1512283
1325114
2466400
1852169
1846535
1939461
1198900
1381295
1387576
3986191
1708227
2308747
1981765
1829617
1302545
1287891
2776564
1299377
1295617
1436503
1346302
1372305
1857869
2451045
1360488
2285444
2532310
1422142
1287622
1340985
3294237
2359283
2162704
1460847
1332917
1395388
2338498
3390481
1317200
1215543
1253001
1345069
1316745
1336745
3955634
2799171
2089287
1371784
1395949
1651428
2196570
3941413
1298988
1370086
1363751
2461263
2143714
2392112
2419765
1316327
1924855
1550241
1386663
1355683
2173085
3018612
1688557
1285757
1291398
1762074
2734942
2424064
3617628
1839139
1913322
1861940
1852188
1743560
1312255
2571788
1366339
1313748
1347851
1945915
1982218
902967
3456163
1370343
1570748
1462024
1312099
1947191
1725822
3277233
1402362
1325489
1403087
1337527
1904818
2130479
4518483
2387617
1800204
1323288
1281297
1492753
1346116
2441053
1410547
1371031
1527813
1360128
1329544
2178402
2450748
1512344
1943553
2050127
1699139
1904396
1929689
2644466
1261630
1367287
1463433
1897879
1768378
1004887
2265838
1440069
1976200
2088624
1499223
1373241
1355196
3497833
1410153
2020630
1713103
2186474
2379889
1349093
2693962
1637152
1314229
1347324
1269798
1311132
2222984
4158123
2883404
2874691
1781590
1323674
2029206
2703067
4133093
2911893
2769427
2803244
1929412
1728676
1747441
4022924
2063490
1687865
1266128
1257498
1622382
2294854
3432470
2108707
1999037
1841103
1880758
2071550
2236808
2142086
1193838
1538178
1335366
1331889
1527665
1118869
1869755
1193788
1289515
2108742
2316796
2265369
1566221
2416880
2279767
2271264
2605606
1977328
1874434
1941606
4534855
2650061
2735786
2376089
2330132
2295348
1532705
2680656
1344279
1676351
1256294
1312753
1334400
1515480
2469878
1379332
1196053
1533838
1393804
1334379
1499749
2418079
1265857
1351549
1471240
1350726
2277928
2252641
2656637
2042295
1956736
1681428
1639998
1675184
1352575
2461004
1526159
1327714
1395423
2325828
1236824
1269338
2726926
1310655
2296846
2452468
1952816
1704158
1359743
2529792
1322303
1989952
1669535
1309916
1958033
2199956
4227836
2076287
2886611
2866382
1760681
1418876
2378329
3185813
2044011
1986503
1999697
1923084
1849803
1957221
2837282
1382368
2086870
1395134
2629751
1941536
1360819
4656419
2584473
2753208
1356436
1966958
1861234
1946549
3268814
1730877
1586727
1699936
2025180
1219075
1303910
3178690
2286731
2216119
1394722
1328687
1445103
1424167
2374479
1598106
1283988
1272350
2264810
2668205
2496398
2947523
1577825
1134471
1319797
1362561
2100417
1799055
3468382
2113745
2323366
2300850
1207908
1441668
1193930
3795177
1840677
1593136
2026713
2047922
2115562
1898206
2629385
2191677
1796537
1991101
1299341
1277038
2010898
2596626
1354575
1304397
1357111
1361060
1539717
1390753
2420722
1379163
1520278
1344505
1385941
1212568
2159940
2952808
1957879
2080232
1893306
2136825
2023847
1858914
3084687
2015173
1368407
1885599
1920158
2050733
2212891
3770068
2136298
1770710
1908411
2209328
1916848
1445757
3312405
1311052
1310308
1544703
1309751
1584772
1883363
3575811
1597630
1635003
1375927
1507313
1310335
1849076
3148499
2291971
1158095
2173000
1752477
2310522
2107543
2415342
1229693
1888966
1876119
2064718
1853319
1977835
2424099
1765509
1801450
1601140
1141574
1332610
2239957
2537496
1454888
1340468
1423637
1187208
1295179
3549366
3309110
1294490
1348717
2120310
1975668
1423635
2151491
3040113
1235564
1342095
2038702
2713487
2881261
2797866
4335164
1962497
2298644
2900565
2078061
2153906
1931865
3128755
1371359
1309712
2321301
2229486
2166711
1522531
3152221
1633157
1742101
1165054
1650917
1326030
1336570
3150099
2249459
2282080
1632495
1341115
1376107
1464534
3631399
1974039
1366437
1247879
1518186
1328400
1323194
2629934
1746328
1283406
1927022
1839555
1892955
2624200
4613281
2415155
1341455
2009259
2112583
2916099
2955228
4156443
2537772
2644263
1883770
1325601
1323162
1532475
2605921
2066458
1387483
1335597
1256673
2815324
2621307
3752468
1316043
2303376
2998508
1788564
2115239
1270281
2251073
1526175
1381897
1324657
1366556
1357639
1397290
2330057
1320503
2361404
2355398
2360450
2275729
1516752
2301740
1451127
1843394
1921987
1683847
1635277
2670389
4312655
2649561
1830341
1696650
1336675
1841194
1863358
3363968
1350787
1339163
1847806
1329082
1314334
2279401
3193367
2308220
1414076
1206594
2179395
2202692
2243767
3369753
1911032
1841484
1406753
1182770
1360639
1449984
2512142
1319846
1367088
1505718
2203173
2244206
2246381
3172629
1957577
1238333
1802433
1827573
1283737
1764496
4010919
1300530
1664268
1858248
1994206
2110376
2096928
2710293
1827979
1843112
1803939
1937972
1671036
1820146
2542864
1510777
1389900
1402419
1306188
1344205
2271732
4475184
2826052
2025635
2111663
1419671
1532489
1667264
2839215
1367299
1336419
1383313
1170930
1343013
1286738
2954395
1728401
1269459
1851530
1810859
2000664
1354923
2417365
1340083
1333883
2343966
2349004
2299292
2388268
3098880
2090948
2280165
1897922
1342092
1695062
2345366
2706454
1437306
1313222
2207119
2282423
1217359
2088519
3939129
1405890
1393172
1308646
1571287
1789905
2029405
3520862
1355128
1871427
2016667
1346778
1302487
2052848
4164730
1842942
1358964
1403604
1462265
1324643
1733459
2807408
1327358
1312601
1807888
1307950
2320820
2833944
4765895
1887688
1913220
1888392
2105427
1896675
1914151
2789668
1975868
2720318
2283284
1749670
1380473
1364758
2816818
2022343
1306053
1361391
2303045
2317653
2069184
2604296
1268595
2222202
2187158
1923925
1505677
1316860
2527474
1858716
1868764
1520067
1922608
1346381
1336955
2475792
1519619
1493545
1246459
1344021
1339315
1550662
4091798
2171915
2451599
1216389
2002302
1717442
2515541
4334961
2201154
1915416
1983992
2020385
2737605
2656005
4520832
2760451
2700447
1908661
1922663
1956951
1936459
2447377
1787375
1692537
1328165
1520381
2227001
2371064
2784065
1357311
2348633
2170258
1325856
1780526
1600445
2516457
1776471
1873183
1977657
1929928
1320493
1348291
2118258
1325514
2307049
2164527
2164977
1825090
1323013
2313610
2428493
2233319
1766493
1417738
1325745
1373418
2469413
1285784
1339015
2079694
1963921
2220955
1611587
2532754
1933903
1847583
1982023
1816706
1826712
2762867
4773836
2963322
1585763
1751442
1695349
1783011
1907138
3243163
2057785
1314627
1929649
1846866
1816108
2108567
4066809
1908958
2028598
2048410
1853722
1292426
1401630
2642749
1367083
1923803
1762978
2260617
2255403
1615095
2662100
1334846
1994158
1248690
1524981
1319657
1335287
3332530
1702238
1359081
2344033
2365666
1448462
1433782
2330874
1312404
1513840
1341345
1282462
1291772
2081514
3533424
1340599
1334340
2261504
2337725
2270997
1436820
2371349
1566556
1232751
1180136
1288985
1887636
1829121
4202626
2263056
1351754
1535674
1358995
2186246
2103330
3344225
1452569
1366413
1919310
2005499
1969259
2069202
3743144
1799509
1525376
1812675
1258084
1505533
2028773
3362787
1332375
1373152
2238077
2144247
2084036
2415285
4086382
1992757
1999487
2032562
2035353
1983751
1353967
5160929
2002859
1804823
1186790
1492978
2180472
1552921
2784705
1364587
2058723
2565952
2322455
1905233
1301367
3833249
1982781
1247335
1271902
2251348
1454767
1650431
2264639
1292767
1218586
1366992
1557543
1177344
1150456
1964608
1331404
1374865
2352604
1791756
1983630
1705947
3212513
1464136
1199889
1266321
1224734
1228364
1212115
2438721
1312360
2260388
2165969
1353443
1346559
1942679
4116688
1750501
1995670
1305990
1380173
1322743
1315457
4018861
1321335
2726344
2426131
1374295
1396385
1179438
2445455
2266028
2516079
1645480
1910355
1935412
2738054
4593156
1430348
1536973
1745352
1779676
1412134
1349800
2462983
2243950
2277527
2316891
1214629
1843959
1367259
3952159
1243479
1305755
1875003
1864146
2088020
1933848
3167494
1148186
1226643
1069621
2073733
1426421
1538502
2505311
1395506
1239179
1197521
1829040
1364204
1886801
3419130
1397807
1317145
1961581
2332653
2268644
1918950
3976708
2859548
2949152
1790287
1437222
1811345
1334385
2664660
1266948
1349004
2058433
1989986
1987888
1564436
3738574
1506419
1771259
1895942
1521607
1375679
2228653
4681305
2843679
1541324
2140476
1953625
1393339
1360604
2458581
1838841
2610830
2566073
1926025
1362390
2264974
2955919
1564922
1372521
1984904
1995042
1560821
1354974
2506154
1896387
2034697
1775524
2034391
2006382
1512299
3888278
1552504
1394170
1356800
1385045
1721949
2269570
2790404
2046103
1972737
2097131
1963400
1854815
1560712
2497224
1265057
2025116
1347164
1305554
1494788
1520862
2596011
1068570
1055817
2160068
1290745
1329308
1554718
2417210
1310481
1398420
1396771
1983680
1777551
1927193
3684924
1754851
1246886
2046295
2261351
1611032
1682834
2364605
2019209
1469142
1305462
1782716
1969554
2061092
4094896
2237480
2301968
1584476
1255695
1615209
2280509
3167651
1562430
1292711
1074443
2190154
2273628
2252410
2480289
1189638
1553485
1590387
1335953
1501937
1596870
3037794
1873697
1736876
1850320
1769170
1871121
1575802
2547093
1288108
2196313
2168271
2227814
3246790
2174790
4012264
1340849
1322843
1413128
1217009
1310817
1543599
2660200
1331588
1501277
1429753
1336770
1871026
1782220
4579055
2436870
2184834
1607701
1952124
1763730
1904916
2781291
1361529
1627765
1395487
1820673
1987388
1346317
3259844
1889763
1882663
1987369
1840833
1340959
1560548
2404580
1293912
1563637
1089259
1508198
1480474
1416985
1884154
1294663
1340200
1561802
1281593
1315189
1409180
2007290
1495316
1401587
1465036
1322152
1434251
1326456
2684827
1356931
1335903
1251353
1355968
1533821
1459125
3488606
1779196
1829855
1843724
1798510
1819652
2741554
2802332
2348158
2016518
2077253
1301069
1591272
1896293
2517772
1481866
1343282
1328854
1259540
1373854
1377417
2346124
1290178
1316419
2057077
1673648
1425890
1393610
2467402
1327760
1999983
1606612
1929177
1486605
2913734
4985621
2249187
1541854
1386556
1257357
1343454
1231407
2504936
1307488
1297678
2133459
2347140
2321407
1524714
3775754
2796535
2700927
1967374
2179084
1698229
2044163
2337370
1401907
1756321
1895994
1565027
1323895
2098256
4217330
2023042
1723924
1158680
1347721
1335417
1329464
2707192
2335120
1999435
1996620
1444314
1821649
1724032
2513733
1813981
1171036
1960558
2020886
2316028
2333194
2382142
1375897
1346948
2196786
1966964
2904494
2885982
4151087
1697766
1404848
2290622
2299457
1594397
1272372
2551996
1766438
1883809
1713591
1319315
1478689
1336675
2392007
1649963
2297546
1404780
1850929
1362033
1521399
4306980
1991910
1778366
2283390
2300249
1391251
1250855
3292432
1276410
1311031
1309012
1991268
2178573
2245663
2319898
1391895
2157107
2304298
1263326
1318456
1304452
3299628
1989315
1982301
1350116
1352420
1375730
2024750
2308034
1251281
1463727
1329989
1468799
1885947
2026373
4120666
1389796
1307439
1388850
1294287
1283910
2113315
3884049
1887533
1663192
1799681
2550241
2807556
2794644
2178876
1411204
2135262
2063359
1932816
2074930
1901899
2209982
2075980
1832333
1908511
2319803
2271429
1444408
2307158
1895912
2795446
2687377
2869655
1672578
1857029
3758769
2629950
2865726
2262089
1643495
1867651
1894434
2959829
1330646
1449309
1261087
1298592
1865438
1378860
3138655
1568367
1862121
1646380
1725747
1353216
1404397
2444208
1308146
1668622
1284468
1411251
1361066
1254537
2152012
1319220
1293006
1261766
1920594
1343785
1909388
3754462
2190419
2710726
1946199
1826243
1831972
2738753
3187075
2084569
1960909
1374530
1348928
1983666
1226712
2534533
1416683
1495393
1296887
1854925
1847683
2268777
3707118
1316534
1342379
1235974
1201321
1974441
1856543
3946204
1383315
1317930
1496232
1325549
1335316
1618724
2334893
1429489
1290562
1238364
1280292
1376709
1364673
3309837
2301126
2243635
1721970
1892987
1695658
1824516
2087231
1297058
1244410
1516594
1848921
1842702
2738963
3178887
1626802
1958778
1274961
1264288
1918549
1787217
3251786
1211581
1513537
1389543
1345011
1670780
1917982
2059279
1288397
1932152
1536848
1594419
1772258
1308616
3395594
1255999
2052260
1543373
1924307
1846520
1924522
3194545
2488594
2621438
2588123
1207456
1476948
1456478
2555095
1301782
1295595
1481467
1307664
1292339
1401011
2780392
1472297
1343445
1199802
1484370
1373941
1411905
3526659
2309208
2225324
1509736
1455253
2625956
2507914
3753152
1385802
1852462
2007986
1858302
1965304
2118838
4071296
2143921
2080501
2034797
1932340
2120711
1846636
3905157
1206744
1188743
2146777
2537859
2122749
1902927
3869255
1954855
1803453
1338294
1359396
2423875
2239044
3267886
1725850
1358547
2206767
2243388
2203858
1430003
1885161
1378775
1981270
1544092
2036927
1910183
2001697
4325898
2758459
2847689
1540522
1979863
1767318
1932133
3440783
1847298
1916947
1377144
1510489
1895552
1860169
2375708
1108398
1291418
1250476
1312268
1386828
1731687
2641455
1442315
1325852
1381177
2202905
2728179
1617048
2305364
1280661
1316903
1505651
1276805
2116500
2133889
2680524
1694009
1713375
1374080
2262808
2220639
1359226
2313315
1300741
2267135
2818038
2401970
1561875
1653062
2448769
1138365
1155660
1158469
1124752
1371101
1418099
1767433
1324126
1540248
1622325
1898027
1958194
1588080
3291338
2249048
2207283
1560362
1304853
1308235
2019498
2548251
1321090
1536863
1858147
1843146
1903324
1969605
3230088
1832621
1819509
1828456
1815980
1788768
1585557
1884680
1300012
2095533
1366794
1306777
1351869
1262651
2300326
2013019
1995713
1950973
1973183
1957422
2112318
2438708
1394968
2143248
1959351
1564987
2197150
2366629
3339790
1898606
1361364
1980649
1876970
1756053
1304387
3853805
2413217
1619444
2532337
1480360
1284899
1214187
2603672
1332114
1326337
2035709
1245373
1367996
1739222
2022760
1841290
2014862
1761951
1656057
1212826
2287855
4817222
2756491
2267454
1773300
1954560
2242723
1303590
2179484
1403980
2036175
2199305
1941711
1349281
1342631
2414889
1194468
1397269
1228921
1368035
1388063
2143749
2500393
1305627
1576779
1337411
1295592
1291179
1308925
3617167
1129203
1659609
1961691
1966192
1956274
1971484
3872009
2444932
1419829
1319060
1309723
1369319
1498989
2198927
1372625
1384392
1318688
1288976
1327318
1829605
2282077
2099218
1986001
1538767
1303049
1349404
1473202
2536757
1458928
1295608
1401899
1477889
1304457
1281345
2502985
1265319
1255726
2064662
1632580
1488618
2118700
2583132
1586894
1779067
2667472
2728916
2626660
2022916
4140013
1856473
1429578
1890122
1297455
1128456
1993764
2357263
1412872
1383185
1379868
2743463
2405151
1328815
2501632
2218591
1766186
1809606
2685744
2180001
1491116
3922619
1546264
1386899
1314629
1913422
1992263
1802100
4099867
1264261
1461703
1283243
1306739
1507132
1330906
3198252
2150120
1691093
1781014
1395303
1309308
2014842
2326138
1305003
1294624
1358389
1965139
1358950
1299290
2697825
1356676
1333000
1856869
1341916
1301069
2349000
3286901
1568587
1296619
1326772
1329518
1328344
1945358
3707995
1308495
2957754
2732634
2631146
2246237
1968171
3416003
1290175
1192724
1283052
1300980
1501462
1387047
4148118
1301896
2399303
2443153
2668338
1612480
1330486
2318762
1987881
1898212
1884852
1986468
1269887
1964090
2644153
2049084
2142544
1909663
1975262
1401523
1164934
2427693
1869374
1369294
2791635
2313118
2182790
2220497
4397464
2607056
2132689
1573597
1941315
1868244
1289337
2261882
1323472
1152920
2300468
2759625
2773757
1603871
3395281
2192609
1686914
1308296
1735288
1329461
1303018
2650212
1303603
1434532
1407320
1337351
1366847
1805202
3410115
2062021
1821544
2200909
1512458
1584180
1461267
3371110
2017894
1337226
1800302
1306115
1750052
1400823
2401453
1322103
1341951
1347687
1286757
1383222
1630471
2965004
2394302
1740259
1286336
1175279
1978765
1747958
2137971
1309139
1329208
1294930
2004318
1638227
1734644
2533289
1278293
2040614
2110378
1938228
1935160
2880425
3264369
1318674
1268883
1389513
1286596
1285880
1338700
2652313
1293594
1728587
1242635
1369315
1766094
2214655
3229985
1361900
1319010
1343921
1736848
1272594
1389857
2298769
1324461
1485208
1217296
1338751
1356359
1348893
3312488
1600869
2067829
1584452
1287347
2211873
2107145
3294400
1825349
1171645
1238807
1307695
1640030
1183799
4062608
1863298
1955071
1900479
1296699
1435373
1529512
2668888
1414316
2090891
2048604
1144835
1275062
1788719
2428932
1238687
2071177
2141786
2130579
2237190
1663046
2988321
1288986
1879266
2025115
2064003
2013434
1858333
4058589
1919962
2833141
2090897
1391242
1712622
1390753
2487829
2136007
1638487
1363619
1236764
1387488
1384418
3644120
1300872
1385465
1423596
1282883
1327809
1332826
6209830
2251632
2199641
2306166
1311528
1359799
1498843
3726916
1601577
1461168
1330770
1291633
1389113
1364950
2349495
1313662
1312515
1309588
1133535
1296082
2246818
3281727
2239397
1840633
1563158
1435789
1329694
2093076
2709571
1158318
1367558
1364563
1856082
1853627
1567513
2471792
1296102
1333697
1391393
2881113
2104566
1975663
3217751
1911221
1774997
2583144
2525555
1720822
1394406
3683224
1860028
1398115
1311112
1410137
1300497
1383890
2301786
1364105
1367499
1830852
2004848
1397321
1310269
2405327
2721897
2785383
2803623
1278377
1927990
2851012
4686547
1538963
2143041
2146796
1947750
2354036
1600067
3861176
1334677
1329553
1470709
1290731
1355406
1262534
3859906
1251335
1528871
1360008
1378633
2323348
2740342
3281735
1202207
1452657
1615253
800549
1118552
1134745
2200869
1300117
1645148
1316013
1307604
1362678
1293004
2219419
1698384
1391619
1308761
1332941
1320817
1527863
2435839
1374209
1398352
1365377
1649703
1202463
1366065
3648179
2613390
2653996
1631249
1300929
1389615
1455725
2553155
1885076
1198768
1580847
2016273
1858726
1744008
3841317
1291295
1852110
1860780
1334526
1688600
1327693
2326677
2140522
1294401
2150247
2217207
2224499
1719062
2571684
1671168
1873110
2076186
2702696
2721898
2289279
3356778
1972306
1351251
1365425
1292634
1190330
1618537
2552341
1311578
1349036
1915875
1948737
2063357
1866606
3565427
1357405
1323245
2063715
1693681
1760851
1257789
3932909
1334602
1455110
1352150
1302523
1532782
1673759
4760701
2512902
2228767
1205548
1822085
1227029
1382884
2484772
1294243
1336750
1404218
1456596
2609745
2879562
3192225
1958950
1290049
1590370
1319767
1186529
1538114
4649064
1964060
1387858
1346016
1557580
1369920
1351323
2662828
1989685
1972561
2035253
1945335
1715838
2170680
1918780
2167949
1360288
1318683
1430096
1334830
1320934
3420647
1621019
1926697
2018444
1875935
1844911
1373713
2430559
1757600
2743854
2771697
1251941
1404420
1314960
3195816
1036416
1952907
2631099
2791248
2008973
1335382
2413997
2130384
2281141
2267595
1068415
1576914
1367605
2547314
1306727
1344738
1996005
1846916
1847432
1873908
2609497
1516943
1330075
1304557
1297045
1335963
2113066
2696417
1852198
2012516
1862992
2021006
1098436
1247340
2092219
1297655
1299611
1926491
2154708
1532730
1047723
2067441
2708514
2653210
1852469
1974015
1381923
1313181
2689669
1303209
1316890
1526401
2180572
1636407
1516389
2137351
1253253
1288420
1291277
1959948
2031860
1349101
2573363
1407489
1333187
2142122
2162467
2379915
2055308
3961864
1949583
1336012
1474798
1456185
1283900
1306882
3074395
1843856
1947121
1384278
1314710
2028689
2280048
3373080
1398723
1407285
1309072
1239532
1374423
951754
2172096
1313803
1843608
1332607
1306356
2317995
2217595
3228988
1311372
2196330
1956801
1842822
1854568
1959247
3256407
1467629
1561475
1297847
1278057
1360912
2056994
2287092
1708615
1906314
1945087
1899984
2107122
1750458
2380725
1339411
2157731
2239441
1300647
1655522
1322572
3175192
1764920
1948169
1922995
1936033
1368547
1440790
3799201
1954394
1285002
1292049
1491729
2157698
1522471
2845017
1351904
1274060
1486760
1283920
1770741
1650405
2463451
1683073
1223199
1351238
1439001
2308936
1249437
2559261
1489986
1363076
1327633
1305584
1809482
1789543
2870248
1573205
1596940
1379968
1326040
1345776
1487974
3910022
1757162
2044098
1539398
1366154
1486226
1789300
2502324
1929694
1863069
1933331
1743062
1307699
2031102
2912392
2235537
2226247
5228277
2870943
1778048
1327349
2550334
1580583
1876480
1650775
1733810
1921386
2491568
4304762
2777491
1683375
2024413
1752026
2584234
1955636
3692790
1317396
1324898
1339692
1300854
1339249
1778687
2124175
2253930
1729601
2062804
1937903
2316891
2198057
3030058
1299480
1379567
2256780
2620319
2135920
1273422
2497867
2507424
2648480
2767312
2221074
2220614
2262258
2719053
1313958
1121280
1337739
1226608
1393193
1325431
2401508
2351032
2725008
2751010
1896118
1964994
2845921
2816916
2135351
1323538
1694065
1367013
1283815
1705362
2469081
1539326
1297255
1429851
1822846
1843690
1839344
3934558
1867724
1837380
1953388
2049606
2638626
2669090
4556473
1424765
1561383
1063020
1718716
1493851
1507183
3954927
2716498
1909150
1637206
1643397
1835580
1842732
3325095
1742473
1387928
1156724
1503878
1227046
1462836
2378269
2244672
2200692
2017947
1624434
1313383
1372172
4210639
2608204
1935532
1206936
1042334
1160541
1763051
2979050
1445606
1371197
2050530
2708489
2732504
1985910
2134677
1277102
2324258
2225162
1371333
1542827
1418665
2413190
1305198
1344222
1300025
1378943
1378614
1307098
4015016
1214722
1746692
1821747
1812122
1526142
1311795
2360401
1879855
2101884
1839044
1932495
1946908
1972839
3574759
1799709
1819328
1809617
1778137
2615734
2855553
2345233
1286719
1259917
1495938
1312105
2228746
1997115
3161557
1882535
1259442
1293657
2033511
2228350
1376107
2993259
1387333
1364924
2076391
1956369
1686269
2367966
4015348
1832651
2033214
2040079
1845609
1390412
1340701
2183102
1215081
1504331
1460060
1290830
1738226
2230030
4083476
2050633
1386525
1306261
1288494
1305494
2218414
2924330
2696823
1931185
1696742
1292846
1709807
1803393
3214808
2749963
2714802
2804537
1321700
1332029
1347008
4136626
1271451
1448683
1247259
1273513
1453832
1207099
2085805
1914688
1929801
1970902
1429712
1696012
1856517
3434390
2020694
2171725
1965495
2144436
2624617
2870572
2588592
2017672
1611094
1984354
1834277
1621594
1747949
3293075
1421975
1903795
1967659
2125027
2778616
1798482
2547439
1300538
1350912
2795311
2731115
2197417
2036586
2470785
2435124
2193881
2082538
1490483
1948847
1629428
2570887
1339291
1488234
2253392
1927774
2074025
1231611
2050813
1671097
1916855
1890936
1924102
1886161
1869177
3496816
1870410
1826585
1796767
1962057
1830011
1334439
2251516
1736458
2039709
2250060
1720981
1637567
2578068
3994578
2491939
1588883
1208549
1329894
2476578
2010061
3141071
868762
872384
1228972
2193938
1859861
1899994
2092803
1215908
1505916
1313144
1377973
1403157
1308813
2166452
1975271
1493576
1683801
1880342
1905495
1948481
3421598
1780963
1305043
1328997
1418349
2066404
1960598
3244143
1803809
1903013
1995534
2048747
2268416
2215097
2911389
2201775
1399819
1303009
1503693
1371925
1318097
3344161
2888603
3041854
1748835
1311994
1342522
2321602
2273830
1422875
1373943
1315317
1498802
1340884
1300307
2963575
2070542
1286756
1350260
1327990
1561721
1622322
3022657
1647828
1330118
1468724
1635143
1830116
1823929
2662565
1970155
2169808
1826490
2243556
1735542
1797147
3640041
1266760
1384758
1261244
1365680
1294779
1306005
2655769
1841021
1691025
1359035
1341707
1758365
1287955
3280138
2465712
2271639
1414570
1929661
2042776
1702564
4000006
2071866
2276804
1965576
1882366
1981797
1942699
4115893
2453152
2588694
2213986
1316188
1343936
2804560
3280974
2183432
1227983
1340175
1592590
1945428
2619873
3350789
1169108
1336946
1481112
1308165
1370644
1923510
3715402
1522480
1805987
1326442
1355516
1398640
1493047
2819244
1733847
2745077
2676617
2748324
2150681
1562702
2257884
1797471
2037676
1295531
1251589
1447598
1247398
2346237
1363343
1309121
1932175
1874784
1801814
1734850
3236061
1703842
1572960
1812663
1894555
1914207
1529290
3801792
1377422
1268596
1823056
1775424
2170981
1832393
3991183
1913652
1315447
1932255
2673971
1642961
1320298
2517783
1363444
1627103
1816142
1868525
1927484
1855587
3490551
1241021
1962314
1177830
1978744
1565343
1325749
2538779
2489188
1937275
2145952
1814434
1261364
1571682
2440615
1262054
1789987
1313589
1105796
1461563
1350770
2857781
1338163
1333116
1943846
1991394
1344438
1926131
3840717
2859910
2125640
2197326
1455835
1937926
1755032
3346921
1816543
1870686
1699556
1518172
1296290
1964030
3456655
1709577
1243453
1285472
1717820
1883742
1875167
4667707
2144892
1981879
1183706
1903159
2125122
2174905
3849149
1603367
1966838
2005899
1455889
1489461
1234595
2223971
2200688
2281531
2698351
2729640
2832094
2691722
2669835
2050374
2002201
1732113
1803353
2873370
2732083
2098382
1791245
2139695
1836365
1913427
2787779
2868051
2894024
2860343
1783056
1415077
2187666
2279948
2236530
1348202
2185699
2209775
1926696
1866014
2736017
2754919
2818263
2671767
2743167
2815030
2683263
2734684
2043352
2102791
1946667
2831022
2726274
1749935
1650645
1313273
2121541
2294674
2186254
1472346
1452355
2275429
2298255
2170179
2313686
2252961
2121213
1953664
2127452
1874163
2031018
2779430
2044289
1314610
1307678
1344547
1785342
1335582
1405932
2040405
1784706
1960965
1930726
1742875
2905455
2948313
2721478
2067585
1327313
1336189
2037008
2050716
1487841
1444279
1321986
2227469
2254755
2349866
2298833
1486188
1331834
1758121
1480669
1338584
2026738
2023530
2017738
2969301
2730262
2379182
2113984
2228055
2275514
1448453
1332764
1466704
1283798
1277343
1986531
2995813
1765983
2012607
2004663
2858654
3009647
1741167
1730533
1365590
2253854
2202542
2276660
2212082
2120631
2080587
2177280
1970587
1817107
1977486
1479843
2022123
1965325
2863696
2805153
2767463
2752023
2750044
2024599
1851968
1283941
1839371
2798163
2788391
1730239
2122858
1852730
2782166
2769939
2433057
2244625
1919630
1717365
1412784
2329851
2231884
2091215
2122768
1901195
2989516
2427050
2547587
1628221
1304571
1340117
2318385
2284468
2117880
2131310
2247165
2166145
2167065
2117236
1622944
1340258
1306080
1483693
2284634
2069833
2202908
1455254
1893597
2689879
2287691
2485365
2567757
2733411
2318194
2146983
1494407
1313226
1326963
1329308
2314119
2538588
1519204
1355783
1313548
2216203
2199941
2076377
2130363
2229453
2195030
1264972
2235464
2021186
2044377
1996570
2912923
4851422
2812211
2893150
2216704
2051946
2051718
2621671
2743138
2785268
2845434
2647181
2864929
2267650
1990702
2933254
2931605
2963009
2355112
2241836
2365053
1368342
1727111
1857373
1760835
1070196
1066882
1081638
1871709
1711800
1491226
1364047
1312770
2259281
1606450
1769456
1354849
1750648
1626604
1388883
1747827
1481602
1363445
1304011
1496973
1298699
1453264
1387839
1337171
2242383
2285090
1951608
2019748
1905347
2353798
2056867
1983341
2127424
2165252
2125565
2215324
2277116
1529119
1541378
1804655
3562995
1106955
2111002
2104426
2403613
1322406
1548784
1373269
2176728
1328178
2002685
2042289
2852927
2856224
2855943
2842212
2825830
2901627
2794594
1895702
2505965
2813536
2115635
1906582
1982007
2979458
2788245
2848903
2801009
2873925
1806550
2046407
1360778
2225617
2109297
2249208
1565493
1302382
1302231
2264022
2249244
2191522
2064283
2013516
1942999
1532809
2542342
2401888
2068498
1839780
1852659
2253969
2173887
1227743
1283955
1449644
1273421
1309018
2256014
2261715
2286437
1814972
1357492
2424493
1882490
2086520
1411328
1249955
1376620
1620116
1279284
1287320
2194323
2275062
1739779
2161481
2216759
2265740
2327932
2156201
2329430
1467982
1339762
1288766
2182382
2223520
1341048
1466514
1355202
1312846
2287171
2490204
2740602
2787814
2787473
2795225
2708244
1511469
1160854
1753074
2647053
2283737
1585524
1345826
1377342
1336930
2298956
2333837
2601879
2710603
2008076
1774748
1996134
2631760
2740115
2781279
2787117
2781144
2655719
1618555
1645283
1485808
1362553
2225439
2220679
2235184
2152227
2191914
2178533
2214236
1249762
1386890
1367537
1303129
2217006
2229333
2269168
1578884
1372881
2261210
2323296
2285028
1504276
1353397
1503162
1306281
2217605
2220593
2321375
2237538
2227569
2219466
1541755
1434015
1265651
2174973
2270182
2233690
2088276
2190576
2289554
2304594
2499085
2858571
2022272
1859787
1338601
2128848
2086138
2145860
1472873
1298242
1338368
2232641
2187743
1445753
1387645
1434607
1322979
2087391
2014837
2128151
2238364
1622568
2284478
1518332
1499648
1354370
2243606
2227319
1480900
1310152
1287483
1314880
2220784
2260408
2020516
1788178
1825708
1836548
1918488
1972283
2820423
2140632
1916689
1936645
2613659
2847189
2119908
1828843
2013857
1840978
1961031
1932996
1875746
2778238
2643777
2238243
1979096
1891206
1471015
1288326
2189140
2154120
2348628
2294867
2227564
2225529
2213791
1999213
1404612
1542622
1363630
1330311
1713205
1432877
1486980
1363416
1392566
1416927
1453479
1301535
1470853
1430227
1296324
2532916
2789567
2520470
2725093
2742381
2567364
2021684
1860707
2233834
1397192
1382708
2283764
2199580
2253277
2217707
2228702
2232089
1546542
1352006
2086329
1844917
2017342
1998415
1745035
1830870
2723112
2697078
2619257
2720473
2647793
2880650
2872666
2959636
2085863
2234806
1983350
1786244
2867294
2677258
2068028
1933187
2097093
2018224
1835187
3010589
2948995
2855322
2485710
1986437
2730905
2855316
2836244
1795841
2002486
2274053
2243697
2095560
2019442
2930667
2949530
2940480
2777950
2202143
2510707
2201810
1798246
2034352
2023378
1321903
1342367
2161108
2326684
2758868
2736989
2421574
2174013
1951698
2207920
2162918
1923194
1797344
2015734
1885033
1867062
1282478
1231015
1865829
1767958
1956805
1750778
1366526
1327835
2232119
2276440
2280524
2226577
2197453
1519166
1344833
1451220
1503623
1358324
2270060
2218047
2294747
2596613
2423904
1662633
1484657
1272012
1442901
1423878
1337421
2246613
2159134
2177290
1501904
1302326
2069508
2226618
1586396
1565375
1467235
1409735
1298884
2925841
2788400
1370459
1326020
1317336
1852540
1339997
1959251
2828386
2314712
2272375
2193877
2311450
1832016
1825779
1903985
2384375
2654345
1485452
1244853
1387821
2080508
2188816
2309866
2774078
1834593
1306220
2034368
1647941
1827821
2748665
2364008
2409392
2029606
2074022
2192635
2227649
2255470
1304842
1500990
1344537
2828727
2703283
2796564
2823430
2788966
2646693
2128857
1936595
2042803
1461941
1394432
1452123
1332473
1324003
2220077
2298865
2205765
2636761
5034158
1214804
2578214
2635113
1906802
1775441
2112794
1845724
2814399
2625879
1419085
1241935
1413338
1469566
2006027
2301321
2268331
2253112
2160944
2177576
2303561
2060004
1327740
1361075
2057879
1943435
2009866
1988031
1845062
2742245
2657383
2567705
2802297
2531222
2704621
2397972
2831076
2166671
2073711
2069237
1936439
1809131
2641550
2170390
2189638
2208676
1824147
2243339
1468924
1430467
2238639
2262188
2250381
2357358
2172289
1318058
2194564
2076975
1614670
1475470
1423888
1372686
1297962
2206837
2175772
1410686
1292277
1329419
1564185
2257566
1584527
1396039
1368021
2250661
2195436
2204762
1545297
1337770
1387408
3148625
2771816
1923785
2065381
1858061
2851774
3049467
2734578
2748257
2173782
1981922
2319030
2046310
2058827
1929750
1946220
2807220
2904263
2884172
1996180
1942272
2875718
1579129
1767489
1530053
1402544
1315910
1380799
2263445
2175512
1748800
1404488
1308245
2220302
2679390
1992018
1412068
1629523
2228957
2251022
2200332
2225389
1528811
1320924
1320698
1512183
2238178
1989485
1819739
1855400
1816402
2772470
2224808
2337959
2215384
2037646
1636228
1943745
1970723
1918929
2851416
2877279
2830555
2187162
1964723
1885037
1340830
2009118
1830148
1593492
1320112
1698289
2296143
2424786
1758451
1455249
1312294
2191460
2356978
1852302
2080225
1824881
1993318
1901485
2829308
2691307
2694527
2690598
2814470
1989384
2075767
1575969
1351672
2191289
2945050
2398928
2286859
1822715
2047609
2069718
2678498
2246257
2435400
2676823
2679206
2781487
2689761
2220640
1462580
1969124
1990247
1963768
1433281
2135050
1814276
2011965
2924658
2992568
1546953
2009760
1949804
2874930
1735068
2362219
2157605
2156157
1953122
2883385
2797932
2827629
2710959
1988748
1915652
1325035
2602215
2244022
2265976
2254726
2302192
2333165
2006155
2124991
2641417
2600545
1988538
2821618
2492009
2574761
2516704
2773602
2988904
2212610
1981792
1922060
1336349
2300143
2573658
2153050
2076968
1379015
2497063
2210039
2204202
2037868
1564192
1292660
1282562
1622867
1881925
1849632
1815465
2278179
2318215
1511652
1311622
1321630
2297779
2216589
1540987
1930351
1958877
2864065
2945446
2875087
2902639
2852402
2547469
2552611
2632878
1681154
2177054
1522970
1365342
1320378
2279053
2393098
2343512
1525182
2313148
2283531
1375024
1465578
1218932
1354951
1474543
1341185
2538509
2269341
2386224
2240081
2226056
2212578
2127338
1907669
1967274
2800512
2721529
2790600
2775982
2854259
2857161
2941502
1518512
2572156
1998039
1759264
1821153
2595253
2612923
2642490
2073455
1661375
2568141
2625235
2511520
2573713
2557006
2619804
2605205
2651790
1813876
1295507
1267703
2280714
2180021
1462647
1276616
1529294
1258370
1253128
2287743
2244489
2310672
2214447
2265104
2315012
1532461
1283435
1316714
2309184
2209211
1488739
1407791
1305715
2239410
2237567
2309636
2475756
2390083
2273220
2279086
2406334
2339248
1473665
1696556
1401602
2273493
2272301
1888905
1235156
1514513
1313056
1349008
1507642
1857781
2435813
1913256
2403117
2406505
2406483
1853661
1307544
1243594
2160577
2133731
1344387
1284271
2289259
2334501
1824611
2691165
2261226
2674484
2614438
2803484
2837056
2145894
1932410
1706944
1897962
2124431
2104427
1263486
1340888
1203147
2041311
2025307
2394626
2146132
1904347
1456296
1763858
1848375
2171366
1808881
1927002
2985412
3032348
2868361
2891810
2930978
2976050
2531212
2007894
2040706
1821826
2538237
2572505
2521224
2498143
2231994
2228711
2488967
2628397
2910722
1848162
2131805
1907046
1822656
2825314
2874897
3010073
3018317
2727838
2419043
1475279
1587869
1305189
1332410
2411231
2316129
2307435
2350818
1900974
2317773
2284709
2267369
1441955
1333076
1504951
1296824
1506846
1373538
2293263
2344058
2307891
2270937
1588475
1332220
1143356
2238130
2277216
2425377
1907442
1410106
1282847
2362856
2251503
2284273
1727480
1960203
1764710
2045271
3023218
2849649
2940946
2214134
1889513
2878845
2542723
2606811
2074294
2079534
1433372
1461252
1283351
1351414
2300093
2316511
2275308
2297400
2210624
2202030
1808319
2862078
2104196
2380963
2239371
2273899
2342695
2511152
2418207
1741823
2224420
1632929
1816022
1976840
1854598
2508241
2539877
2624744
2510300
2577217
2376271
2053878
2063883
1793670
2033033
1756426
1881143
2549218
2592020
2559508
2100047
1811051
1923360
1330282
2264528
2077605
2609223
2319588
2320089
2275809
2283446
2452936
1950440
1359619
1324301
1240348
2090579
1819063
2394152
2758552
2874634
2916079
2305396
2030292
2599776
2965988
2743062
2091576
2038671
2034722
1907042
2817607
2918228
2126490
1877401
2062143
2040119
1959371
2741429
2900807
2932803
1901448
1975797
1342092
1483051
1309729
2221789
1912911
2030146
2011996
1777464
1839810
2652292
2593252
2402962
2659969
2619016
2170015
2788311
2745313
1941391
1558406
1807270
2008287
2913974
2863861
3018700
2982435
2089443
2291020
2910397
2139389
1929804
2006253
2049932
2103452
1291447
2209926
2254187
2316686
1469960
1456386
1444919
1299283
1291349
2527479
2697489
2918731
2501413
2605761
2610502
2276890
2215904
1921144
1347451
1456293
1309012
1328206
2259155
2268352
2270472
1484209
1560855
1319379
1478997
1321240
1328266
2261667
2254996
2290436
1425466
1292680
2298038
2098290
1423280
1378962
1310087
2245122
2243740
2212736
2230346
2505493
2478112
2180513
1483229
1358594
1485015
1302033
1442444
1434671
1382505
698221
706022
663998
628342
931787
564830
589522
571215
612864
3137361
2558825
2579216
1894118
1651333
2584645
1796422
1693195
1609438
1235218
1221403
2252550
2344804
2285436
1338832
1304892
1226180
1486748
1430702
1636730
1281237
2202733
2232280
2114890
2223018
1360770
1304576
1263103
1957661
2544287
1675848
1860628
1248770
1247788
2198302
2205985
2197501
1408884
1296484
1135108
1409530
1436005
1260467
1225081
1413053
1228644
2256204
2173324
2291229
2315318
2240233
2062146
1381451
1342759
1227266
2233657
2184927
2248206
2260018
2240588
2240368
2320114
1123422
1352390
1862798
1318163
1213100
2191072
2386796
1405113
1761598
1241994
2235387
2093304
1398214
1352765
1301725
1381902
1256004
2181334
2123080
2122810
2136096
1977237
2547275
1978381
1849321
1807317
2630181
2661061
2615383
2621362
2629941
2270130
2107862
1400682
1387570
1335342
1209210
2286814
2207343
2253633
2236339
1392507
1221694
1203829
1776038
1477990
2275889
2208047
2208776
2277251
2208160
1367805
1232819
1271817
1862677
1860653
1912116
1587163
1258004
1227943
2234685
2245630
1368880
1229316
1261740
2222227
1887330
2026743
1934811
1787587
2511929
2520067
2542287
2585846
1805092
1330235
1239124
1087264
1384277
2165229
2157590
1992379
2200728
2153117
2420297
2218684
2208786
2194610
2202517
2333730
2052578
1388191
1259996
2321507
2269750
1827655
1315352
1342358
1229236
1284135
1379479
1210981
1190733
1272203
2260929
2245024
1436369
1376675
1258417
2158756
2292747
1445138
1266421
1223839
2267234
2247274
2238869
2186093
2303000
2315900
2274641
2238569
1787655
1873900
1707383
1784252
1905590
2674572
2662725
2668123
1844927
2231879
2289519
1416700
1372248
1683021
1766821
2018576
1762800
2035820
1840873
1862231
1791321
2701057
1637899
1829881
1720610
1642241
2439514
2427124
2427632
2760580
2850821
2792810
2929144
1945628
815660
2095269
1310130
1297262
2131813
2071365
2051871
2186677
1898815
1239686
1383586
2247291
2439630
2379103
2315228
1789192
1340393
1677016
2582780
2193527
2117070
1803468
1796237
1174142
1206529
2146726
2164732
1373784
1212980
1241208
1317686
2172705
1531827
2016901
1915592
1759468
2552781
2583360
2418570
2445436
2425624
1338231
1724964
2591318
2392417
2490720
2445556
2427156
2439504
2556145
1355217
1813285
1735163
2066102
1898903
2032281
1687074
1561586
1821898
2453961
2464030
2532921
2310377
2085938
1418511
1757362
2205362
1667159
2168190
2284463
2158592
2187173
2446238
1972423
1282846
1235267
1229482
2179740
1610209
1805354
1788293
1746018
2654001
1742651
1357265
1220070
1227016
2255523
1679236
1426586
1440568
1330213
2201726
2174430
2207289
2323967
2236244
1349699
1242882
1652005
1912864
1894424
1666974
2460387
2200543
2181454
1444820
1212132
2186932
2285946
1688977
1993894
2052979
1758679
2645732
2586543
2360926
2072878
1757303
1825001
1880102
1375708
1960871
1933673
1730458
1723902
2463414
2463359
2485896
2525553
1386413
1218918
1229186
1778656
1710942
1732460
1909591
1782410
2699090
2709914
2569809
2621451
2590462
2573302
1742083
1781538
1644453
2590101
2521913
2596901
2567986
2606338
2520737
2575216
2543486
2003235
1428399
1206335
1243638
2236605
2167067
1383205
1263959
1349373
1210578
2165914
1954419
1945073
1658242
1696822
2462417
2595669
2299516
2605806
2489849
1815881
1671263
2455955
2488606
1905724
1243419
1310696
2238659
2128570
2094525
2114986
2170966
2005746
1687897
1784814
1652627
2610602
2081062
2571679
1740775
1687796
2435891
2608177
2642069
1408997
1122116
1157827
2057260
2092765
1992575
1848727
1608195
1691974
1695359
2579794
1871920
1747356
2004882
1640699
1760741
1676976
2530203
2528235
2689591
1961985
1653999
1954134
2267590
2435963
2424831
1407218
2141736
1332499
1084155
1758619
2440792
2480477
2030186
2392893
2731442
2648593
2597649
2605551
2613614
1694233
1857482
1840848
2728860
1886271
1331563
1342242
1707054
1643350
2479350
2523376
2246291
2205951
2489994
2461487
1932866
1310952
1756528
1769187
2491483
2441910
1832439
1260026
1242812
2136082
2157651
1716050
2155591
2179836
2163544
2149056
2210743
2660059
2551929
2519972
2551538
2566924
2087847
2337543
1438280
1248189
1224421
2213166
2227758
2263631
1991759
2168990
2313300
1421676
1640973
1294425
1191041
1214954
2187744
2469703
2430474
1849211
1675368
2457350
1714291
2100319
1718488
1816023
1526407
1686092
2615393
2604573
2643116
1641701
1338895
1335542
1728728
1383673
1295058
2142043
2465493
2617939
2622233
2703773
2682070
2689937
1762871
1578227
1783940
1258011
1236136
2294992
2269203
2179115
1402888
1258450
2169476
1956805
2498273
1485897
816952
1976053
1597416
1871835
1313390
2216839
1344863
1744552
812963
851955
1246082
786149
1336006
1571252
1003637
901258
1129382
1207757
2136909
1623758
2153389
1345280
1218141
1214723
1270585
2142897
2520587
1975157
1491738
1509235
2222544
2393113
1824748
1658028
1896035
1584985
1942242
1629754
1637041
2166716
2475617
2373758
1943635
1460146
1296184
1252588
2171764
2495887
2622199
2553327
2545039
2474529
2652447
2027125
1867328
1326071
2171321
2152113
1377507
1238742
1332490
1196547
1246877
2109337
2485638
1749269
1383281
1594258
1738586
2458492
2460519
2369202
2451693
2601929
2557713
1943634
2045173
1964981
1846134
2576545
2474284
2525828
2365090
1398469
1221879
1259419
1959170
1709721
1889436
1753490
1889628
1946405
1827318
2510725
2521807
2562423
2436172
2460435
2511322
2429315
2508070
2520282
1955231
1349153
1252955
1223793
2203364
2195673
2503915
2822819
1876895
1306325
1212258
1666266
2575104
2645993
1840432
1773901
2416913
2535116
2482918
1916568
1726328
1748024
1889277
1725446
1631301
2525054
2708720
2343382
2054211
2073925
1430164
1294511
1306704
1423608
1365450
1239570
1203423
2271594
2158402
2200127
2253123
1821383
1253595
1251046
1357467
1211872
2169101
2327471
2200007
2196719
2143055
2236625
1257062
1099582
1342944
1443427
1215259
1227578
2692323
2545850
2606683
2305296
2510496
1706248
1686810
2484650
2515562
2389981
2495746
1917090
1790186
2443807
2317920
2218864
1657035
1406212
1225513
1915000
1650999
1686623
2413555
2344519
2406559
1945798
1757105
2389200
2263397
1999290
1899320
1331688
2235347
2313174
2265966
1370215
1399524
1214432
1197625
2119149
1665755
1917315
1937926
2197628
2164933
2615233
2617715
1500164
1236161
1234976
2215230
2304162
1424536
1268843
1249327
2199005
2632672
2585535
2673609
1934344
1217765
1769561
1311698
1505182
1184782
1357201
1220727
2271709
2171161
2431787
2390789
2419364
2093380
2430056
2015793
1769085
1715058
1737589
2673032
2394187
1859846
1259699
1197624
1347698
1309704
1353947
1697367
1603569
1732186
2824041
2588216
2602895
2703091
2403807
2151665
2526100
2036601
1734943
1935783
1546110
1229387
2219927
2479736
2658390
2725097
2026448
2230265
1881717
1964207
1735308
2611530
2295865
2515692
2713185
2729076
2567294
1725681
1884250
1909488
1699011
2582614
2490573
2445363
2553851
1865383
1855700
1250169
1708673
2117248
1285108
1422539
1928374
1240520
1225382
2232531
1904212
2130832
2201651
1404849
