5017866
8677291
11865452
4376275
4014463
2079729
3733022
5987275
3488109
4664867
4885813
2691808
2338347
4029751
2310859
1938509
1508005
10919571
2423366
1957276
2768591
2895920
4535360
4507804
4172072
1890067
2088301
3619249
6914121
4665492
6112666
4318640
3057935
10891167
14875602
7348864
16031328
5978550
6785001
7390159
5336474
9117078
5670120
6047385
2123493
7113222
5723807
3612350
9385912
1435936
2742520
3613719
3557808
8059520
1878451
10078008
4157775
15261561
5143226
6368048
4850952
4866507
3981478
5308342
3299883
6309111
3086794
4463414
4565915
5945312
5024045
4686064
2853477
2193004
9757439
3280403
18039960
43948176
1372808
949215
1201549
3692209
2574672
3890297
2015024
2255972
2011406
4243097
11117160
4562525
5239225
1967611
4471576
2899809
7009869
8208303
1574022
3572735
1644473
3989739
5513508
3479810
1645019
2381992
6960019
3527498
6678794
4919154
1093774
3688542
6564678
3264070
1287137
2236645
1599956
5424634
3749067
3151906
6961054
7842480
5708667
4857534
1119857
4775112
5366274
6461436
4418456
5408677
5275760
7248001
12463411
4932435
6533840
10124214
5914166
5049489
2922535
1001398
2049653
3077620
1761287
1687873
1017070
955566
8635706
6363542
9877239
3941770
2931668
4428115
2783464
3706159
12129062
3302619
6310175
870685
1877848
1084538
1785692
5368677
10061891
1779024
2121609
2421148
3833542
2376817
1188182
1551955
762454
1240901
2000115
832127
1511970
1294848
3036268
815771
804417
899080
3610804
1900851
2523286
3919979
1821111
885823
2347389
781015
1571931
871572
1564572
2409212
1967225
827341
533409
834895
1869576
5403169
7559931
1714382
1827186
1402059
2013306
1680397
2454802
1643560
1702181
1368042
992497
1078085
1011816
2979390
1046506
1054518
817738
729494
780624
2389458
3249024
1920887
1072960
1380647
1972378
1593335
806271
1888670
5451428
1207339
1715810
1345391
1432478
1809044
4030368
1765277
1914769
3661992
1348167
1131802
4245908
6677782
1676051
6105526
6675046
3978835
1877196
2390098
8950287
2106125
2510936
3606295
3371057
1603490
1400131
9429616
3181435
1956182
1689397
10415327
4000343
2863387
7707273
5314687
2870388
3445906
3432336
4108551
1726206
3201594
2174764
2675838
808626
1552881
2086086
2964828
21125621
1771966
1828267
2308014
1148019
1713622
2181630
2666610
2593960
2056908
1608420
2115871
727623
1664438
12874623
2638943
1170798
1048576
2113665
764815
1539622
2359497
2416507
1233928
2309118
1233838
1614468
3486225
2355624
5447210
7238449
968428
1183041
4492300
2328686
1797057
1314984
1249261
1211508
6097242
927522
850576
1676158
1226848
870830
1521091
799942
1813831
1188318
2067283
730933
1292432
1630381
1815297
1858212
1745449
10084337
1733694
1782076
1925118
2083765
3727957
2870184
4037394
2984024
3494429
3522994
2100638
3489392
3401267
4124235
2717245
1825350
1783013
1381174
1905676
1558219
2487484
1270845
1735413
1783609
1718338
1865599
2604176
3160978
766675
1791381
975898
1670304
1890587
1435081
3746517
1921802
6959356
1874637
1123415
2204134
918406
3684882
1801069
1000948
1720230
2001869
1222989
1565531
8687345
4882093
2512754
1632817
1789868
3033959
4534688
1881169
1429510
822707
814732
6531523
2258438
2551192
13524212
3595909
5782512
8927242
2793348
4970672
3234209
2600849
5603145
1683504
1138063
1803772
2100004
1879029
2189450
999339
1403309
1212115
722599
1369249
5576050
2375032
1407111
1328108
1471592
994561
1397942
2668273
5058339
2772438
3483660
3371409
4622649
3271033
2125319
1852954
1327907
1475688
1451180
1473804
830552
1379970
2562495
3032217
1411331
2195433
2347381
3031844
3241985
3397984
2741695
1269826
1658703
2803674
1736961
3364415
3458115
2122905
2138846
3189088
5830554
1525033
2214574
6269864
811239
1170312
877521
1179626
751397
1509644
2038506
949537
2126213
2315835
3422086
2466224
1996247
3762382
2141339
2074180
836549
637537
1218829
898236
3618183
1737577
1780789
927325
2080985
808542
669638
2147874
885975
816569
1180979
1040891
1294731
1968277
3614742
2102444
2110105
1549811
5235231
1582837
2013344
3239162
2279422
4353284
1632621
1246528
2502756
2256567
4300904
1133966
759916
910183
1374737
1325401
1375046
2069006
1477232
895161
1251468
1310873
937405
1385173
2228836
1386078
1599833
1503518
1822517
1070887
1141114
3919284
2521639
2759257
2573831
6211975
1276858
1800123
14423834
2546317
2312140
2810662
2991586
2533758
2776771
2163816
2543250
1305127
2461420
3263788
2504031
1687002
1486751
770874
1104730
892625
899359
1104514
1454895
3481396
2441741
1140347
1864644
1223635
2789402
4714924
9038093
1149246
1554730
862518
1551497
832180
1443191
2431502
1482484
1950152
2462694
2119662
2595329
12096085
2530360
1872888
1613330
2284591
3143917
3886651
3295827
2696414
1749056
3696562
5093160
2603376
2216543
6115233
2245717
789814
925188
1719493
727399
745698
774796
5513836
2230946
2377299
2041445
1509172
1546448
2277013
3765805
2075999
2216682
2262857
8042704
2271647
2899531
7393077
1833899
1769679
714171
2541995
1808580
807867
1306954
1767610
851937
1715559
2464797
1852296
1821400
5055304
1146134
2519880
4531595
3381522
3745568
2517415
3769545
4874887
2065004
2653909
1615086
1081851
1350443
3164993
1760547
703154
1043653
647396
1705745
2228395
3065234
2927457
1806730
1245170
2375858
2148470
18306963
5182693
2157691
2287383
1285879
1184530
1843273
1251908
3743806
2245128
1072604
1596592
1165361
4155955
1603703
2590295
2315635
1394447
1240497
1182074
1389509
1510354
1852940
1592321
865568
923725
945829
1521085
2956387
5279684
2160329
2204871
2980695
6554116
2614251
2863186
12709242
1117663
2193728
1341077
825312
1293366
1660089
2602178
1339891
1576240
1344692
2739412
1592919
1478022
6718887
1655475
1384261
2487603
855727
1867789
2249746
2951430
1324606
1995640
2107122
2264136
3253656
3307477
4754272
20696642
7820040
2335779
3240747
1150761
1157728
5286304
2583364
3012664
2387267
1704262
2614030
1836550
3765779
2877524
1478619
3023055
1353145
2104380
3451584
7941646
2165098
2225392
2107515
1984493
2138495
5262660
2590201
3092046
2211739
3159552
5476492
2894447
2236430
2005910
2070479
3186775
3904049
1747389
1057170
990043
1903536
1165552
1200756
960868
1556532
1083106
1598860
2398813
801498
825436
4396224
3209891
4006901
1260698
4221459
2258918
2629648
2120232
1458720
3762369
5669976
5436847
2804459
824260
1528828
1407879
1157891
1399544
6796214
1256276
2308098
1547831
875985
2163226
1617275
4482611
2842891
2488587
2433940
1170115
4811618
2426381
3832732
1553710
723039
680452
690507
829879
791120
1194972
857522
1590019
860722
1424861
989812
1004481
2430708
1205052
760932
1573238
1022676
765244
1053422
2311725
1583795
1717935
863157
1678583
1416538
1174541
4795732
977817
857803
1601264
1556214
1043950
1783976
1789457
1395494
1333584
3658010
2917503
1410872
1194103
2159056
1218221
980702
1553493
1414369
691368
1045218
1792262
1972321
1910929
1145732
14898530
1876764
1912541
4055263
2551353
3857187
2134182
3013765
2358697
2810263
4453840
3049024
3568361
1450179
2238403
2807396
3149402
4040470
3000379
2954255
2254684
1332878
2206368
1592742
4347708
3164520
3331743
1844257
1957104
1943113
1006350
3690255
2111432
1179754
1654630
1731589
1866406
1974275
8919558
1428856
1231164
3196370
2207548
2225892
2932249
1887462
981932
2128219
3205466
2777269
3532695
2059858
5779030
2022022
3044141
4787394
1941815
1216739
1505198
2013532
1510857
1188271
2092859
2873448
1147060
2083320
3700828
2327991
1034154
1754178
1486455
1345710
1459485
6169874
2122817
2318031
1374538
2746793
1843737
2844939
12091887
2143964
4643608
805601
934230
1297111
725407
1503567
661977
765642
656297
762337
727317
688564
4227405
1120007
1379123
3045220
2669217
1805059
1316096
7685983
2304829
2830763
4926875
3222866
3524676
3047994
5592802
2351283
2031757
2397701
5732774
2614413
3242189
11018404
1362763
3576998
2837208
943537
1057911
1259695
4103180
1623568
1318550
2403399
6922161
2234792
2276807
3339584
1555566
1954663
5170443
2073582
2001857
2173150
3810613
6863934
710424
919296
2150357
1806274
1012423
1975362
1238056
686874
721004
1388215
936644
1490115
1286042
722019
1638716
1063974
1057510
1617315
1534674
1651585
1184636
1056752
1017093
1351251
1368957
1301063
1376289
1110752
1358985
793453
792468
719194
994262
1481931
1192140
1279727
1243857
1326938
1212801
1610066
1266129
1321717
1504253
1330130
647327
891867
1769943
2494625
1493831
850777
688457
1833921
772571
609219
2646584
1722918
2446740
2704481
2287919
2117227
2073739
1839473
2616931
2086823
1049571
3246919
639975
1630993
1911000
1520894
1277120
1502308
693817
1956912
1081877
2654402
1859267
616080
1729970
1310129
1005095
1448328
2504741
1701855
724881
1639783
1697785
1402606
1296538
2694173
2029978
2023566
2286567
1676434
3433294
3601181
4637468
3290178
7179362
1620516
2414022
1114878
2112935
3422759
1167293
1584241
2658587
1366521
2037185
1386993
3668592
1148950
1036623
1548203
945306
1368047
1400742
2344556
1086840
972047
769098
1162042
1029151
5779069
1884093
1037467
5811141
3513396
4211996
2193278
2524023
1803030
3013729
2649436
975470
726821
762168
1269104
1577882
1283634
866468
766900
906271
725794
655282
9208109
2372780
1228805
4803415
635230
1184614
1310677
1800962
1174291
1179846
827062
1433698
1761135
1549517
2368193
1394190
765769
1524089
654263
900039
1327040
1791202
1163378
1353597
1330000
1512949
880334
1190274
1825016
1033903
1208536
1445511
1223648
1271566
724492
1631561
1372838
1503952
740717
1381135
1283025
1013276
2163276
1456466
1448626
2099774
955599
2854375
2318616
15147207
2972213
3009921
1484912
880281
1321896
686741
1209479
605610
628812
1456461
921772
1029301
1503579
1293417
807074
1271423
4696844
1707833
1469886
623691
2247443
1582153
1413565
758726
1682206
726252
730139
2045638
1464271
1300111
608019
689696
933022
1582967
1755515
1282133
1422622
1086408
852527
615849
1408135
2016008
1454414
993396
1123673
1408630
1570010
1509735
2339996
1027030
1369442
1415369
2125528
1107130
1465230
1961034
1014737
869965
965872
873160
1495009
1112219
1140059
931702
776866
1812604
1438011
3097948
2111862
3318041
2070421
1079203
914454
550741
1997988
645217
1876019
627628
629673
579599
613670
634920
805824
2022849
783661
970651
643572
666038
556636
1293268
3380548
1306628
1105615
1080292
681334
988699
1294359
1308656
665489
688648
1334785
1223587
1339693
685596
1703635
922912
1055274
622137
1600655
855819
1252269
2220166
1228945
1212946
744365
1439098
1371722
1219529
2120404
673568
725003
759397
622446
1272942
1340720
1190633
1165860
1710841
1633428
1816989
648718
743282
2161415
1227019
627837
627420
624147934
673268
739463
1376768
1143538
841026
1749561
1076410
1159902
1253398
1774968
1171866
1130364
1083465
1899434
717246
824155
1294976
1153696
1163238
1106274
646081
814674
1116443
1863459
950296
1078336
1636379
1437740
1703460
1379449
1942503
1143053
1309288
612800
1123954
952902
1145045
1110838
1684897
717458
936961
1511586
1052264
1695850
1086496
1975069
1784162
1211361
1229680
627068
1483829
1278815
2888738
3023515
7225179
899587
6373366
551695
2644877
837344
1280924
1262501
1193729
732627
1670505
1823003
1637809
1789867
1586549
924431
1341474
1635456
1021240
1857888
711380
1348609
594514
1587703
804289
3503841
842035
1787909
1523484
918949
874664
1200589
2109101
1315406
1431724
1293649
1391620
1102080
1165363
1660670
629628
1620785
849684
2022351
2163786
1080652
2373487
602367
848275
1061503
2587569
693636
686873
1723542
1395042
1166368
1018263
1398480
1142370
919390
2276602
1288515
1366675
2041212
1913332
953303
723947
2042874
961442
1184340
1093373
1905178
1743957
1651718
1972239
2235891
3164699
4775285
1151333
962343
1144274
3469810
2405211
2677919
2491090
2085057
2179300
1548325
8739332
1386739
1096482
4517869
1083062
1356909
861672
1675143
1258616
778878
794647
1224408
1275162
1306340
1430799
2961291
3157502
5754924
2094641
2989191
7188858
2676589
5251644
1110837
823788
633351
704777
1414381
2224912
2313926
1460022
4270917
3037772
2301986
1168974
3135072
6769026
2076644
2246389
1203737
1680281
1154192
2865569
4118489
1559014
2679924
3159810
8025758
2899496
4569553
1634619
1280137
2816745
2281311
1881972
751208
2775443
1193516
1288834
2097484
1352063
1342049
744305
2169090
683988
736203
1307484
900406
813196
1297878
1310024
1402400
915558
1280178
914946
1442222
698174
1798747
1081104
2067304
1084829
880967
1222648
1164812
2000798
1279513
1174748
1468874
1402795
1041150
1485412
7529558
865261
997255
1184136
930275
901492
2420392
1484402
923046
922251
1482078
1528388
768096
1429672
2830856
654313
1058900
1006777
1102962
1005626
820853
1788554
1040752
1134951
1119773
1131271
2124945
3065309
3720509
3075651
775067
748862
1409965
1502033
1376279
1500858
1162516
1408473
1062084
1323645
602689
1354937
1876926
562642
744120
1770099
1399209
941475
977213
2462928
1363292
995878
1253882
762426
1737280
1202781
2138230
1315381
1497670
2070971
4257290
1954583
2078037
11638055
2004720
2211297
5974867
2073104
1935216
1471601
1554965
745672
1793944
2082283
3984925
1980603
2212653
15782300
2119963
1776311
1667156
1650287
951182
1201524
2388503
1573320
1706516
728626
633284
662416
655669
2581566
1187123
1272764
2093571
1892932
1265851
765179
2765406
1275347
760666
1392874
2191309
2496052
3747854
2063054
2953929
2560694
2207596
2102812
6536951
2880318
3794714
2154799
685940
2636980
1591370
1198027
1652149
1828581
1747110
2091925
1181840
803393
1922488
1890777
5771352
2885614
2002300
5023322
2191844
1038595
7477137
1725813
1338621
631394
1142365
1042569
1119384
925789
1699305
1117964
1151462
1040035
616412
1038645
715618
2079092
3349561
1352539
2354908
3419157
1166051
1077092
14480572
2169071
1443210
2286540
1391397
1106239
1108857
1673473
1194781
1261829
1605984
1066891
696260
834801
1086491
721147
954743
1516279
1927123
801032
1329971
2042631
725338
1282570
832515
1257238
1496499
2289143
2083827
3023169
3976505
1230367
2193531
2951519
3269405
3391001
1338377
941755
1123379
1711537
1276057
1519483
1395060
1597512
679142
1696161
1130591
726213
1121369
2705170
1919786
2118396
1909261
1880031
2115132
4329202
1991592
724811
819446
781178
696338
1415016
3396308
1182057
781549
749443
761908
691276
1267892
1018025
4539497
4764218
1976290
2981946
4595316
2257237
2100740
11279341
1088643
2072858
1133775
1007222
3041231
3199126
3303280
1331186
2119217
1959602
1652575
1885820
3056078
3654107
2568812
1161639
752483
1201297
714972
785536
1341473
1201892
1107397
777543
1209392
1467126
1088637
1826579
897804
740260
872798
1064927
672984
1575980
1030103
1632755
949352
1256666
1345681
1330700
695782
2448297
1334372
1596350
926441
1267648
884957
1412355
2046070
1212526
1757789
1681033
940650
1642500
1554540
2816537
1529652
1136058
1345273
1991721
3039135
2791060
3771238
1520119
2096108
7723454
1834963
1896913
1846326
4787756
2830310
2915782
2009312
6301330
2961362
2813222
12931582
3515050
2001816
2029521
1995404
1265466
1191524
1715135
1319504
1247791
1360646
1430214
1614415
1617495
1304930
1695677
1836530
2014739
2315249
1969602
1940211
4171181
1581995
2265998
1120531
2421535
1193650
1128191
1845047
1216804
863102
713657
1235718
1303199
938763
1971308
1171536
864525
1170264
1740977
1314686
1413671
2359444
961167
1456586
1093356
661585
1037977
668284
1980712
2120464
1959739
2297579
3328114
2660290
2715040
5422272
2212870
2354648
5709152
1623543
2063320
1627686
1920311
614228
955183
1227978
1889607
941724
1196729
2141980
647745
1465262
933477
1039205
564931
2063567
3609906
871702
1191333
1168830
2255874
995412
1302431
2199587
1350882
714492
741699
848291
1911456
1201213
2095669
1191278
1184193
764120
1147822
1593655
1788565
1417272
1446921
1409592
1514872
1344967
763052
1122423
8517901
1611264
1914846
2163943
1956684
1346486
5328937
3265157
1219673
4830192
2933127
2145945
2369254
2310149
7799483
2197606
2332822
2886210
965048
1933223
5438279
4730149
1094503
2270560
1211187
4471556
2542799
1965616
11624937
1871843
1947494
6257913
1892253
1067517
1660857
2524765
1202348
1378575
1203958
1271107
715585
992792
2078433
790870
1377430
1776952
817417
995588
1230575
1250985
838954
691882
920338
915357
689385
1209297
1291288
810746
1340555
1355784
1338883
817109
1021906
2026881
629666
708372
706565
817545
713535
734084
2279046
1267898
673334
1224771
706280
681508
1392961
1288244
1348268
1334518
979857
900516
1507404
1334855
2365881
870546
1211624
1277319
708283
5693078
2032041
6341986
2062828
2452385
6478493
1089155
2193955
6226158
3175056
2009885
2075906
991837
890183
1058242
1011861
1315551
788867
1347378
1138776
703988
918937
2067344
2872093
3935203
1989456
1243571
1323598
2210624
2197185
6656865
1002240
2061087
1018038
2082683
5163004
3006590
3040198
1202356
1561823
1405948
1569315
2226498
2040614
1945688
755008
813639
718934
712844
1910773
1156456
1408337
1651187
1500439
1283722
2099741
1374233
1288013
1641406
1372385
1294201
1147676
1559556
1048367
1317667
2156476
1256887
2130050
2086137
1925988
2279901
4705675
3398844
2391988
3165365
2149727
2119138
2791763
2524908
5989180
2366284
1610486
2743574
1404930
1335980
777604
2133676
1476836
1325001
1076504
1122443
642954
1014489
1524492
701269
776382
918588
528058
1052990
1486820
3470504
2019936
2189553
1483372
3043418
1463402
2567881
11446278
3022267
2033249
2760049
2747976
2915073
4005038
3396193
2905994
2003383
1171452
2899810
1169154
2351149
11730430
2308087
2371676
1985524
2136203
2442249
3320441
5372658
5099408
1404155
2049384
1241153
2416621
3917000
6104718
2697084
2815038
2138940
2963042
2686502
2469637
5130582
10907807
2496396
2019338
3462653
1103874
3499898
3648513
1145791
4332625
3953745
1322052
4796874
1903543
5136279
3536250
2703023
6331902
2144130
1650249
3281544
4689095
2487444
2892940
2983795
687310
842050
974478
1332616
915708
745453
1530900
815773
1204222
703068
2030452
1306483
786927
841749
1157559
768484
1004443
1300431
1037272
789454
660972
986193
4175526
2124071
3462860
1592773
2007771
1940209
1893837
1643917
2722148
1779282
1207215
1657413
1281677
2252065
2025626
1408349
2591240
915925
928796
1249481
907239
1306476
1765886
4039410
1604870
1648004
1323397
1329834
696596
994978
1338239
1413676
1678895
670020
1324620
1468964
835451
2046198
2033680
942479
1239208
1433130
1499811
1486330
2092704
1771889
898659
1451634
1662406
1637194
1917288
2377909
1244380
1730006
1611444
1568793
903564
793391
2998325
1192348
884571
924050
1068007
1463958
1318795
2128622
1401240
811016
1326257
961903
1193210
727841
1251092
617999
1310533
2922630
2648810
1336970
2293574
1974298
974819
562229
1947998
3054487
907079
1631815
1897654
4626233
1768547
1657432
732761
1465526
1262150
2624556
1242953
1291888
1317343
1237249
1712207
860497
5546862
1203964
3307073
2131037
2647400
1871670
4924782
4977662
2623831
2272846
4123099
1401569
1623324
1548595
1820186
787828
1293168
1114922
1836931
1668865
1854102
2231840
1417700
1833410
3147438
1999689
4400459
3287914
2347294
1846388
1459781
1975502
6552784
1219121
1106772
1846293
1292239
2902228
1148724
2324222
1378064
2179421
4195549
4724987
832286
1502329
728502
1284434
1368419
3108362
1948414
5391071
1984886
2261361
2538254
2126191
2498375
1244953
1206989
1512657
1153458
1392282
1139842
1247726
1681827
4567248
1901034
2094867
3082020
2089717
5815442
1262170
2019650
3157761
2008154
1194131
3946140
1125010
764498
898987
777144
591952
2107604
1678924
6948318
1209624
1959603
4687604
2170816
1162701
1345682
2046675
1529098
1265668
1324880
871546
684074
697820
1174095
1311654
1096276
681694
661532
651116
1076205
1074718
555718
1234331
1213677
1244532
1166847
631552
1844494
639995
4032292
2255240
3392663
7976760
3036741
3461331
4917624
2139727
1758992
1219044
1069597
732859
1389713
1317720
878567
1043498
674111
699175
1192308
1504488
2619455
603001
1082965
1688081
1158343
1929151
2406211
1335775
1712959
1614898
2952483
1094040
2000902
3389776
1911411
1751212
4080380
2578100
1212146
1198033
2167994
2792896
984081
1752480
1607868
1476431
1155796
2480611
1259817
1282795
708686
1321066
832013
728872
1792272
765081
1066235
1057312
1222776
1047427
1124335
1802795
1758619
2011078
5172296
2200623
1234560
4129375
2804837
1839467
1685648
1848439
4516229
1413437
2472637
3703260
1142856
1190820
1477866
1233659
1449308
1199127
1419061
730068
1648969
1041569
3347329
2133169
2053076
1916662
2111896
2142127
1310201
1113016
1175897
1383497
2107978
5088972
1192607
2285486
1228569
2128946
1951927
3076663
2088009
1928823
2369903
2200674
1189011
1191724
1700475
1038933
1544720
1722951
677276
1013759
668095
1812723
655490
1697927
1459065
1688055
1731353
5124189
1232426
959754
1417902
1265846
626658
1500331
1293766
2249375
856060
1179743
2275118
2287249
2281323
1444969
3500240
2785325
2807402
3067935
585008
1219005
1188983
1783031
1099808
2274957
2258078
2081921
2000537
1842198
5070534
1217386
1268809
1408029
1313229
1748847
1603361
1229883
1788700
1640968
742289
3092745
2076729
3351031
6932172
1942982
2006323
2268995
1215127
3190390
2001969
3383733
3701153
708893
875620
949437
983221
1556913
2455515
1071240
1284764
1678572
814676
772979
1496214
3530223
2929810
2329098
1831032
2232864
2678897
4524566
2313286
2698214
1993682
1967227
2097669
1934524
1727133
2830529
2057312
1179868
4790167
1169176
2061395
1004934
2159817
1046399
746806
1202824
1960408
1171625
4385693
2476491
1049702
1918775
2161902
679465
1189054
1441166
2114051
838266
1418251
2547373
1447234
1351917
4506641
3869332
2137843
6127969
2035875
2217025
2404763
1284191
3011232
2383685
3018641
2893825
2036130
1150556
1903408
1442347
1247591
1678007
1243663
1669893
838074
1487193
1880621
1694287
1839831
1020293
1327502
1388073
1100576
1217451
1191208
1652433
829205
1761916
1823389
900187631
2109477
799293
1505430
1385439
1631284
1207282
1288463
3166138
1548789
1641018
1358080
1164278
864753
1218991
2504235
1449576
1358011
676413
1074733
1414252
742171
1298734
1518691
1750756
1430634
1246859
667316
738005
2736659
770136
1593952
1308678
1317205
1384702
938438
1181145
1197335
1113883
855958
863662
951362
1118046
1112767
888060
2908953
1710899
1034317
729033
842951
2716915
977101
643921
1256048
1480837
710565
1451164
2279526
1633486
961565
585129
926259
1293512
1621021
1353817
572862
1014712
1871263
3647383
2134115
2473362
8926953
1740511
1309493
1124173
1244364
759136
1323770
2084453
1235896
1041545
1332941
1512600
977985
1979069
6128968
1143804
1292611
2330483
3285777
1084750
562948
2331017
676024
1526198
1591193
1292791
1533010
1591644
2179759
1156633
1640932
947311
1488312
630652
2103992
3530550
2374669
1969083
1606418
1908998
2424537
3667805
3401670
1947424
1323846
4492341
2028845
1114453
1124760
5903161
1220283
2105360
972165
1107809
1247273
1192506
1430572
1231278
1196168
1287006
1098282
1058873
674494
2282836
1019649
1532760
1534975
949953
993943
987187
2082350
1240756
1369558
887753
2868085
2878607
1073148
6828066
2049889
1617585
3478730
970510
1857042
1264795
4721395
772273
1170443
723885
619060
698321
1062143
1932122
1292662
717925
1248185
1272380
3061894
2132328
3869202
1044645
1053907
1427028
1513549
974429
1395265
2115920
1032208
751063
6076308
1123734
644815
1873468
1106839
1564670
716229
920437
3074373
629783
1244469
1984748
1522659
1919197
971838
517693
637182
685502
1123231
669403
1323785
1170380
2722281
2492765
2865613
13576571
2003260
2104913
2970224
1234599
1100909
1989765
1824876
914289
1631178
797144
1341827
1416418
720646
3453836
1876203
678028
1489184
1764918
1286536
701327
1172276
1775794
1624439
2028640
1152730
1957922
1699209
2354382
1247377
1192731
2354047
2159624
2338287
2295659
3401244
2252103
1310492
2054731
1261037
1234746
677852
2271813
1589644
578499
905097
606763
709943
946945
1120166
804079
593941
1318423
943734
625258
738878
1163274
1019505
736648
1069268
2111044
1132158
1839783
1700919
1521316
1007609
743554
638768
927697
1829956
1572181
699142
1259844
1732648
849371
1161041
1612311
1254466
1675819
871084
959965
697065
1374286
1275859
1203702
681817
647629
1043073
579114
1584830
1639967
1855560
1181889
973299
938306
957039
612965
1186954
1103384
1056385
1106358
684056
1119101
1016397
997363
1165392
1228469
1141555
1079129
995265
1179067
2126619
1386542
1070979
747989
832064
614857
1104515
778136
1503422
1272889
661619
785685
631551
2287545
1047573
3343608
1079232
1087302
961810
702927
1433552
759770
1614240
753607
799123
1069837
928094
1041875
664103
1957227
4378455
2002497
1466795
1394264
1879347
1740390
3476884
2869735
3699899
10164509
2933507
1497561
632756
1344875
650520
1090271
631714
746498
769665
783419
3360656
813784
1447013
1270127
691848
1313040
1436432
1169682
1352514
1446551
748572
724062
685157
1300196
2142805
1069692
1266325
1234757
662782
1353410
1231276
2696940
1395725
666773
1440151
1212592
1175775
1250583
3681586
1050947
1642527
1356833
1662930
892861
918768
2131326
1306569
1092716
3139387
1824611
1608838
1341735
2107341
861025
799082
651039
502859
1960901
2727138
3768030
999297
2871775
1316329
2839426
4529860
1107796
3683076
1092738
974546
631600
1497049
749371
786718
1061995
654345
1057309
1113307
661938
1144272
2976822
1885426
1759677
698393
807313
1164211
890930
1778917
1659323
1411652
799099
1358531
3021398
3211323
3015289
15053000
1427685
2997396
6341725
3188525
1993393
3715454
3167937
4195382
2850384
1784455
2111458
1923960
1178377
5650527
2078439
2114194
2918384
1517372
1622977
765699
1114972
1488029
714113
567226
746792
680947
814078
2126418
1700171
1339721
1208954
1239917
1468582
1700716
1567792
647397
712113
1331868
1516459
1014582
1264969
1570676
815483
1163643
714219
1196048
986142
1642045
2011444
1588998
815381
2229493
4814940
1406590
1110251
4610802
1396445
5003984
1370079
3165612
3617633
2834451
4906377
1896805
1307358
1576109
1942786
2180474
6339281
2834603
1224007
4690001
2282341
758924
1396495
826562
1595182
771384
1312242
1987021
629749
1141202
1234283
1655497
760005
637609
1114627
1497711
1298182
859264
2433251
1388844
1783272
944869
1341141
1437716
673220
3440788
1282838
1616283
1358790
1651039
1787968
701790
1230444
934326
1621541
701856
1608760
739788
1953596
1109879
756770
925696
915919
1995675
1198044
1925531
1216955
636460
766344
892670
1520620
640737
710973
1112471
857480
631943
1351051
1516507
875985
618806
1073897
1160399
652509
1507721
2201785
1435633
831144
2148400
895067
1405950
1318469
1341527
1336661
850456
2280150
1084282
777620
1652541
1383064
1446436
1222796
2700129
1905739
1502839
888041
1575268
1728516
1510748
3065237
806281
3283920
2315876
1219995
1400860
1334062
1522530
690845
753306
1174576
1390542
696808
1092735
1206473
956097
765412
1097525
1121295
905419
1723016
1746563
947034
743061
1586528
586685
1545227
812127
2178015
643779
1389012
1150659
770155
1130654
790373
5270200
1388343
3517355
1078730
2393075
1386740
1177406
2073208
2195637
968743
1441497
1033134
993769
4300030
3351471
977873
2233015
2055212
1781244
1030994
2398092
3744247
1820684
1328623
1379307
1342981
1428386
1318324
1923175
753761
1197612
1414412
1203125
1322948
627415
1327884
1319426
1373947
2023724
546466
601144
1574382
1198955
1072202
1441624
1025372
2078177
2645372
921443
1077639
1220603
1121287
1101539
541581
1077517
840856
1738497
897055
640002
1118992
609051
1214356
1258117
2040988
638076
911622
783554
3026374
6113626
1740252
1214072
732203
1693077
2073858
2000071
1249027
711363
1077865
1150835
896045
1768540
1610044
709174
1887848
1959565
1491237
1374374
2041929
1747721
1331772
1319423
2054685
1280943
1444561
1371179
1260577
2148582
763218
2204343
1542776
1717935
1258342
1511180
1422916
1234194
1940968
1309807
1222961
1280831
1390176
1567872
7353671
15300583
2280730
2198742
3176111
1819602
1982118
2397071
3663354
4473497
2917130
670401
1501790
1452766
741979
2128149
1118797
773946
962680
633631
1106260
619038
1303907
1007043
1182116
561390
1304529
738908
709413
1109925
736272
656405
647824
1124102
1384388
1252308
1373074
999608
1310663
2965413
2510491
1938479
703201
2077226
2114360
3027539
3987447
1305204
2872894
2749171
3263120
8358552
1128442
1193520
1643804
2270530
4348130
3551487
1491353
3311440
2952877
2777809
1243322
1009925
5929301
1060556
3755974
3536804
3795115
2164464
4389749
1909016
1006675
669607
1863812
903795
1384058
828298
2686232
2199845
945472
1799211
1273448
1607957
2170231
1918708
1178009
992859
1553980
612694
1426097
979053
1231650
694692
751958
1559536
1335709
1214338
1151211
5060316
3333669
2169874
2114937
2664360
1381647
1963564
5460440
2677627
2810449
3268906
1151938
1420235
1420473
2336672
1261799
749424
1829034
1745066
1037576
986440
2749143
891107
1190588
764083
744354
1491626
1472868
2057426
1908813
1115895
1697604
1380422
929050
700710
1199295
670020
1468363
1620879
1678370
1650598
710614
1117846
614659
658883
923773
1679479
1366699
1010308
1350065
1387228
1301938
776673
1416009
694337
1948894
2720801
869210
1526052
639683
651004
580547
599909
1059641
560807
614915
1626154
866153
1230280
1740505
11048832
1231721
1175093
2698125
2657798
2912986
4330219
3255153
2051829
1239690
764783
1141298
915792
737807
1770090
871939
776627
2192042
530348
1141033
1057382
1339246
1822253
905698
712052
884556
1429052
1145378
2652654
1243025
1629227
1095330
1370875
1359385
1838813
2035871
648506
1201639
673120
621006
1049619
760014
1211086
1072825
847940
1625482
696040
919793
951275
1774462
736440
973334
1216903
985361
660973
1217137
2275749
893950
1067865
958175
1287901
1515351
1404440
1968488
1134572
736634
1471902
1713527
1036748
1478410
2078711
1623812
866373
1433057
1544295
1381080
802060
1431505
1659220
1108933
727086
1457579
2055367
1291606
2884100
2937800
2024257
1847368
680212
675094
750380
1064058
816311
1940967
754392
706467
1373310
849764
2097884
1290513
1353349
903752
1231847
812919
1431956
2143796
1288752
680092
574304
1474573
1397179
1637841
2603611
1168309
716507
1236273
1754492
767306
747697
1846722
1289545
1569923
640387
1535663
1101512
847637
2429507
1299047
1485253
689878
1234682
2039783
1302039
3335326
2827568
5516201
2083708
2509189
6109866
2165925
1733479
1659782
1256073
581312
1890633
922962
661969
1144334
661824
675373
1198227
1330147
1053274
1270068
1689442
1601720
1791021
1543066
685323
1735088
934124
1802894
656955
1179179
684351
635338
1329024
700627
1465262
979990
947353
866675
535742
1101738
705284
1915448
1175132
1552528
2495110
1123873
1130572
882395
1455739
798891
655564
628945
1152494
1187089
1061372
1137177
1071192
1423243
1072949
1648877
785765
673087
1518702
1629241
834967
1317924
778836
866103
957638
1462354
1763050
938607
664942
734979
1262037
1847754
1767310
621906
1065307
1497315
650726
591384
587424
1089933
651683
1417194
825656
650446
1412990
1273553
1194993
1445751
588762
1029535
1617914
1092780
796928
1416534
736017
684815
799001
1469507
1250686
1422086
1318827
1164823
1071723
1404301
855382
723568
719018
1746983
1655668
1102458
1368557
790762
1632932
1258789
2774128
627206
3793869
1352229
3322287
5129029
4937052
4140983
2495842
2009742
2048728
1094701
2380539
955406
1759207
621136
1228085
1297487
2185826
1511156
1663461
1242987
1392875
1003292
731002
770426
835520
1180289
2286769
1421311
1711646
1188262
1198278
1062259
750163
3171099
1240610
2111014
2353516
4598232
1090220
1180616
3793428
2091487
1887920
6972724
662730
1880462
721673
3104272
1003577
1571358
1892695
2048981
1389959
1820548
2449334
682707
1854047
1773133
601787
1301764
1194345
1158701
1148575
698184
1269974
1156832
1041540
2065686
2857670
1101297
2667434
1009685
1602277
2085244
2051239
2066528
2899341
3225760
1996075
2949014
1328252
2225118
3994492
1279587
5029953
2080486
1957903
4617871
1236519
2046875
1109850
1171698
1099132
1498266
1132361
1756661
1410355
928391
1841691
1117671
1048619
674651
1229083
1516561
744248
910761
1586380
1185457
1213324
808910
1442096
1056672
550995
744223
643264
1203063
1133202
1923370
1343354
1329202
727081
1310032
1328868
1002701
2604411
805659
856083
1406615
1709976
858104
2004100
1117779
726343
2395251
2764710
3452660
1041393
1001109
6075596
3130084
1011635
2912368
2188183
2300786
1599792
1971841
1847933
2030787
4355271
1013291
1940795
2081485
3855522
3067618
3239953
1261800
976940
1412085
1396163
1878796
1209799
1238285
1703003
692988
771764
1437282
1701688
1497420
1655676
1451870
2125008
1447409
1548872
1677489
698893
903277
806512
928638
824584
1330591
2113758
1474154
1575765
758074
696827
1320246
1352584
1177068
657487
1914094
1340220
1245406
1854188
1214976
1443247
1590161
743770
1430252
669691
1189774
644025
1827991
1428132
656527
1266466
1098333
1193565
1223590
2963542
867516
911429
737835
1644280
1558456
704169
2047864
1111727
815125
1807035
1190158
1303863
911008
2565461
944212
1313473
793016
1425312
1512237
1461832
2035739
1630228
975403
1308458
1084256
1177584
850477
1010360
1218996
1416228
1268890
1310383
910301
1600788
2160523
927091
722758
610311
739955
1146065
666369
2443532
645661
1457939
1476466
909925
716505
749071
1105051
626726
1317033
737231
614784
1223609
1520602
2745486
909016
1349346
744182
1100974
1223478
850322
1619647
1124251
729015
705076
978400
1340808
4711187
3075493
2012002
1916546
1152815
2094761
1764231
2247185
4089441
2154641
2038922
3016424
2261535
2054011
3326338
2656613
1011327
1443638
1891412
2731234
1115808
1135757
4937458
985475
1375520
1300610
1237155
1260502
639751
1694737
1511627
927906
595898
991692
634518
1244247
1089732
1577020
1732323
660882
615825
664011
658502
1350383
687697
2029913
1613721
1476747
1567550
768618
2189782
1425408
1703673
1360608
1562572
1643724
1104772
1876571
1785640
1251017
1159125
1896427
1160319
737058
1729343
1615570
1805336
4650150
1177550
1233678
1241050
2318928
637214
725015
1476810
1378931
1229795
1163630
1331693
977702
1360482
994721
1291815
1395030
865117
1320599
872811
1032341
1395558
987374
1078246
1672548
1441275
1574785
911951
932583
2395509
1055196
1559481
1899741
1326896
661115
800385
759352
570213
796592
1054948
801978
762069
593501
653606
1267933
1047467
2281058
697325
1295605
1373044
1476262
1310178
970943
1428620
664083
1473294
1992535
1201644
870366
568412
3330430
1548977
2081678
795827
694649
752780
1338832
1129702
2027305
1935458
1223081
2534603
2256607
5833723
2042273
1157412
1506363
1377401
1250721
736917
870057
1923384
1360044
1248548
1805491
1783948
1986744
3801800
3032939
2934952
2951911
2986035
5175415
2426778
2355404
13385915
2133628
992833
3562194
1417666
703608
1709711
2937765
722071
1756659
1259983
1276612
1260718
1358907
1328764
824502
2326770
2507873
1715567
1962644
1712168
3232326
4016780
1912832
1263024
2821388
2167876
2455888
3771159
1929329
2307010
2091100
2318097
4350300
1816255
3320366
2084494
2669006
1246090
1767070
1532710
1757612
1650950
1112804
1073607
611072
1512132
1338896
1657604
2304460
693980
823449
627383
970237
1500486
1890519
2950239
1517632
1394542
687247
542306
1282226
1262420
2120335
1261780
1307216
1405199
1892627
1308283
1260331
2235143
1319989
1402060
1318347
1282192
1238664
1287450
2229779
1524465
1423343
995832
2001418
2003290
4441724
3522829
2222266
1979233
2005728
2781739
3053577
2052752
1736781
1114567
1155697
1026321
1210039
840115
1095653
1855585
1046348
1104146
2016878
4894520
2148940
3768789
11092109
2397515
765931
830184
925851
751990
809067
1164625
808465
5066629
1093819
836114
954007
1033809
2877105
940386
1044942
970967
1002694
1214281
2802602
3477050
721508
674519
605734
1334274
1484110
564580
2391527
873343
1685734
1614501
1605843
1646651
1225811
1562263
1732842
1132601
1871053
1734466
2023549
622389
1134992
555550
589632
690892
1010665
1182109
1723848
2486838
1349708
841026
1344290
1362242
875748
1189053
2430766
2049237
1907540
1438888
943906
1411347
1407220
2259236
629776
1353027
668566
2038556
1591036
1303623
2969810
1347270
1345453
1468592
1232649
1251182
1432675
1632169
1956390
1089402
920009
916950
1228890
720472
2400648
1530209
1575699
1134968
1343374
1249086
1296481
2169929
1101063
1238688
1531171
1442897
690122
1508176
2742590
824708
1515269
950402
1446182
1053811
1297196
2234001
954684
1150676
1175781
1298285
1525967
3243547
2302297
4897865
1987741
2868392
3130993
2595097
3042849
3309130
2978375
5771586
1553035
1665359
1823598
874005
1207226
743717
992518
1048595
1194125
657635
706170
2377267
1366742
757299
1517041
837205
937014
648781
1646884
1272917
1670043
1222328
734042
1338283
747929
1484291
964292
778437
1080684
910514
1054258
1551493
2043306
1433416
1280761
1444954
1455522
1098486
1039036
1813681
1154392
1046021
1075373
1256911
1250953
1591329
1853570
1113713
1134342
912999
631133
1643601
1284359
2064347
1171238
1188029
863651
935146
1002708
744330
1190112
793663
1215121
1877806
1544575
2039961
1664155
3565167
2141144
1418489
4131246
3438138
2001323
1185037
3334713
2930556
1856073
1135940
1937259
1053959
1072645
1070786
750246
1025538
1092483
1255849
1084877
1058935
1476741
1147744
1078338
1330764
1000142
1246202
612144
2062281
2015846
1328577
973038
650334
1118934
1062087
2798975
732899
949910
733801
1105153
923338
1182439
1096117
611623
1970876
1790144
1722910
1303414
567411
1030907
1270893
645028
1554415
711972
1351581
6564000
5319450
1883949
4399004
1798677
1086384
2362335
1614210
5161058
1999577
2257116
7203018
1024034
555854
2083476
1252525
1408778
668523
997914
931086
652877
1198575
1291186
1352400
1078862
1176559
675845
1035449
1121010
1982184
1215967
1443481
1497958
1372282
2235062
2014411
3607714
2428541
1978578
1490368
3899082
2929879
3473300
3486595
3363137
1706563
2612234
2047911
1969340
1805480
3829035
1498376
3775300
1863250
1467723
1922455
1269495
1232996
785486
1604151
730195
1135652
1102354
558195101
2740381
1308087
1208134
1088990
1606799
581046
1373626
1243693
612010
741267
697232
770759
847493
870404
8514828
3260642
3584969
2149605
3305329
2847507
1274963
4692052
1092878
1273581
2189924
691741
1373508
1375206
1758949
732622
1251400
932876
1197185
1343562
900634
1828350
1755177
3169272
2355386
2234951
2142614
2129380
1954726
2369783
2047524
2047586
1838363
2865045
1593294
2572911
983002
1352748
654223
1006214
958986
1184299
1542338
559542
936119
1643831
882765
897277
599360
1486800
1124316
1207095
1213668
850353
1132222
692736
1207773
907233
727993
1265624
556472
1233402
1231907
1793092
729477
1168018
1604037
754892
1128328
1595738
2385863
1207769
1535096
1203407
1345537
1509822
1335775
2295479
636992
1454901
644280
1441383
693999
2157695
2003696
628070
752750
1890374
1094796
814794
640090225
1170895
1280749
1702349
698580
897911
1094795
1356982
1226316
1019188
799599
805887
1995310
785472
613272
2846782
1599943
1256851
1541128
1205328
1010288
1656242
3310245
6181589
1446585
1789977
3942286
2955960
1119779
2059103
2344405
6161168
590817
1673422
1436112
1786363
2961396
1384700
1709001
1592637
1509384
775845
694936
2009963
612010
1585205
1110170
965197
707871
1474461
2047520
768949
717933
1367385
1390857
1390996
1317455
5560058
1330335
1149422
813771
1137896
875454
1726883
1270124
1015143
1230955
659263
1528437
954088
671280
2116395
949393
626477
1172924
648530
641141
1215666
1158423
885706
930250
1226138
1217776
791752
701853
1437973
779297
840045
1262060
745785
793303
979298
1205156
987304
1911079
1026827
818390
662132
975428
3089071
2967190
1190415
3075773
1971350
1999358
2216761
3204501
1423810
4345811
2095903
628787
1492439
934150
1954552
1005601
1231892
1126558
616955
753535
822610
1135452
1341442
1088507
1250037
660015
674101
838098
1496072
602401
1031395708
1081299
1127586
1026033
1155797
1505134
1568190
876931
761263
1015524
1026843
1592854
1319734
889167
1380969
1377612
981634
1052385
708241
1326016
824847
1285032
1040663
1467805
699286
722244
1074346
1168687
1459355
1234160
1456461
1415739
1067690
1883510
631535
1124630
1155422
860150
1102885
1029974
1728034
1453896
741274
962611
519649
1511194
975823
2255511
1734094
596053
1053934
2340625
618095
1089242
1240069
1600952
1228302
1238296
662814
1425588
1450045
1458200
646500
2065898
1429602
642598
600515
1105917
2764239
801142
1205473
1173775
1516503
1046180
2089308
3177667
1970915
1866185
2142180
1155601
2396401
1193460
3015435
2010994
1278303
2009342
4219932
1851197
2006534
7395334
1291241
1357185
1286192
1157254
852934
1197898
2285598
1311392
1581661
1775142
1530816
3201476
2097997
10878537
2082228
1096758
1202792
2128033
1132981
1981608
3248601
4160754
3201220
2275117
685773
2267441
974160
1137300
2245996
1072611
1074114
682821
1128375
1229538
1426294
950926
1770185
1203964
2868256
2126134
2193109
1954927
1320328
4380383
2098816
1994356
1183612
723028
2527327
1297477
1148300
1509425
821352
1790328
1592634
1979196
709241
1456668
985967
639186
722348
1314576
1559443
688366
1028809
769307
663950
1433975
1557853
1095059
574615
778252
677404
916437
1524238
597209
1138750
575410
637334
653413
1157583
932180
787113
1234780
1253783
1756411
1931558
1427039
1573666
899474
2481631
1328857
1149002
1195621
1018591
1416314
1584939
1315893
1524609
788664
920819
911599
633317
920963
2251246
2000277
883251
771510
806265
1290839
1795995
1451099
827373
1171268
901521
899915
1077310
621287
1167942
1063830
1855294
1158579
918085
1988818
1201249
2411491
645876
1328102
1559982
1545199
968195
1123071
1776345
776055
695342
645511
1091880
1207346
1411897
1371522
685415
754328
1181546
1243737
841706
729981
1961208
928451
706939
1091929
1291875
927838
652540
2232692
2048558
830518
1272690
1928626
1063832
2912027
2936294
1228698
1204485
2910522
1015116
2476742
3085052
3248125
1011129
2659496
728094
736683
2090499
2185731
3585724
1899613
2493696
2196007
5064874
1140173
3013592
2082957
2277753
1193492
1269269
1065216
1184301
4643534
3597841
1154609
1223311
1720582
4633835
2060664
2342963
10670388
1684966
1054768
1106507
705665
1752606
1135916
1985705
698157
966426
737399
1798619
1156293
624053
12709546
648799
761736
1520050
2220782
4587717
1580922
2236024
2563335
2183263
1117334
1320089
2874416
1321488
3414651
2056505
1544968
1614679
610182
1327688
1058981
1256775
1289636
1079177
1079901
1943766
1901873
2827908
1935763
1097455
1226481
1164402
1605271
3028091
2972148
4459643
2027837
2038413
1206578
2070211
2199956
2170483
4468202
2249233
3184028
2108702
3308526
1891242
2368580
2104903
1256095
1372152
1812383
2017819
1895804
5115724
3526364
971432
2382944
2042534
714023
1112892
1070208
2231433
2154142
2043869
2127105
1730642
1067210
1750913
3320061
872176
822440
779803
2410673
802862
1822375
1084447
1922321
1842786
1563264
1444322
826945
706001
1865338
885335
777265
765798
768224
1133616
1098814
1339802
2085049
814788
1412523
1106167
1096565
968517
1354990
1204366
643591
1208045
1246342
1345372
569556
2873347
1744546
712296
693500
935877
663626
1224329
2555798
1666180
962063
2430367
1054757
610318
662939
2223408
677628
570825
624345
727889
1095431
1981494
5763566
2034897
2105449
5056685
951884
1092649
2006912
2158802
1682879
1794693
1010771
875543
2065848
2492942
1447616
1987300
2318367
969889
1014049
762292
687799
2892385
1102177
2191700
3066978
2580046
2303894
3134452
2477611
1982217
2611030
3155281
915843
1291504
1349564
1515870
1718432
1233670
812715
1229950
1455184
793397
3545397
2012278
2062114
1749480
635889
754896
832111
2112893
1413205
1577067
655250
1100398
894879
735667
2370710
2097628
4783891
3540887
2008340
1903557
2543127
5016968
2440970
1344325
6059580
1085430
1354796
5168916
2117110
1048374
1383500
3275808
1946184
3291703
2554107
5309679
1127450
2124981
3728911
1072307
2392859
3572220
2051903
3968779
1101098
1012382
703356
1152776
918915
1640625
1236650
1519836
1788709
2008510
2993947
1592415
3360337
1252321
2338814
1403978
1880361
696843
662403
2299623
1978339
4588653
1480413
1753136
1464935
1273800
2108121
1215210
717029
1382575
1209903
975442
1519801
5590916
2413802
4363174
993608
1771405
713620
704441
3119045
683510
586253
666473
1089150
1223460
1428102
1928075
1461747
6135043
1419345
2085870
3557691
3023763
7161363
2005559
2255666
2887285
954303
1207481
928568
1453513
1224896
1037940
1125741
1276886
815835
675959
1599829
1080920
814304
1237537
2739643
1086218
1066315
3761922
3170786
660520
1139412
2470308
1634647
926908
2254953
1259702
1397708
1336576
1019572
884121
751755
1502232
772176
1887152
1731202
1799358
873418
1364544
2220051
1003351
1454938
1283268
1533699
1167093
1711967
1448009
1464577
1428912
1657255
853772
746651
1043815
1474344
1475661
715903
1129677
1465959
3072360
2780786
3223577
7310276
2573953
2415282
3213578
2989582
2125462
3626980
3163216
2084282
2094302
728833
1437782
1173211
1706823
954578
976861
1099256
1138801
1136815
877664
1528488
702424
715623
856054
750211
678176
641851
1180022
972464
1127726
1283879
1244229
1700540
851580
1415316
1532920
1404751
1518924
1477452
1056312
840054
3932634
1177468
1997729
1068232
2163965
1921216
4325904
3725621
974893
1034889
2220327
6159648
2029444
997462
6286466
1109142
1045219
1059078
1100116
1105567
1467745
2192305
2235875
1817204
1782245
1257825
1701885
775034
1111646
1240894
681306
735135
685028
1624116
1750685
2388482
1323882
1195033
744432
1238439
713871
1269552
1456456
629604
695736
1187199
1187012
683068
1185305
1230549
1285584
1484680
1395442
754348
1320475
987476
3381670
2699963
3105751
2140528
2655068
1474339
1378447
6269553
2623099
2754890
3598290
2008987
1560978
2211567
4377475
2024589
2011839
2029167
2693627
2077790
1921998
6699159
1085889
1978236
5331281
1075031
3164104
4254408
3747416
2088071
3676626
3428647
3029129
1195786
1169106
1800875
1054257
1072959
974133
1080849
647818
1082115
1784518
1030102
1116519
1069041
1249532
662518
848814
1732165
1005256
956202
1298338
890660
630789
1085070
1886837
556441
1321871
1057973
933159
1280864
608377
1246888
1544633
1155638
1854477
621751
1091265
746818
2536153
974824
1843972
1669074
1537649
1338201
1409921
2189389
1233040
741812
1948896
781543
1426543
1753587
2131610
1313808
1388670
942898
920766
1596143
1623393
2189291
1629297
1519731
1795628
565268
2006826
806475
2076789
1604161
1708412
910496
615817
1286141
2145326
962564
1777829
1527773
694141
1075310
1893440
1124629
3287544
2258032
2128754
2401992
3849712
2721366
3168951
1994883
1009402
1745163
2152544
1635347
2245771
1164737
3506992
1308709
1080942
1249690
2690568
3019422
4427643
2136134
1286070
1172145
1393540
1244847
1137329
1341036
2187313
1198286
1320787
1233515
1320999
1386396
921069
1118516
644862
575618
1988396
1684697
1584293
996017
1119734
1047279
849502
1671950
1623257
870270
1001056
2142272
1220742
617326
730167
1082881
1788340
1300984
1952979
1726310
888471
1931490
967959
1224688
1620407
2078500
1402697
1173907
1411372
1287322
1337855
1406901
2047458
1266469
1285486
1395162
1334139
1352830
871700
3574981
746989
1195285
1257519
959486
1258539
1564390
2548858
1285980
1408066
1639997
1461016
1298171
1601828
1320817
612150
646982
1257690
1058849
856262
1121047
1711236
1116445
1343616
984193
1541811
1149387
629816
1366710
1033575
1276093
1299886
1149422
1325020
5160254
5654742
3313708
6089211
1120185
2558518
3710464
1152186
5671561
2676194
693856
671642
1213818
696932
1352898
2030805
945597
1381017
1269698
1216096
1771542
2774559
13756601
2811404
2015711
1775854
3087760
3106634
2031115
5916360
6389763
1496864
1688600
1571718
729568
1354152
1160236
630926
1148480
1242884
1366338
736825
1611098
4047642
1846541
601647
2032767
727785
1628771
2473419
1913937
1161398
832256
1113554
1222006
1126602
602457
2750188
742385
1430473
729129
1625661
1419646
1925979
2828462
678375
7785348
2665024
1160777
2870908
1234535
4230086
1069230
2000173
1266771
2399316
1077975
1864694
2745128
785741
1393723
2526022
2235506
1181368
1217098
5127124
1230464
2100849
224645694
2231789
1942467
1963530
4023091
3341596
1293156
2258365
3704595
1137472
1682024
1522365
1645409
1381157
1366576
1471640
1248111
1222146
2327994
1250384
1226148
761098
2741281
1001218
1087648
2310469
727234
1475168
1606252
1307210
1430821
1063569
1304995
937136
691560
738370
1081214
1049772
950149
1483248
665110
1011086
727451
570963
1122157
1014030
1262761
859101
930790
1024267
1188413
1340000
2626153
1701799
1122736
1195456
2790320
2726833
2774361
2631907
3564005
1143919
1365013
3624378
1907790
2007720
964248
1523794
1279049
689354
740655
1465019
734347
702630
2254654
679072
671895
904239
1641280
1338055
1254874
1218921
566855
655338
659128
1760718
1132554
1144629
1015235
676247
1242146
1211181
1581784
1205971
645152
2673265
1323237
833134
1349895
633635
806581
1181678
2376862
645676
951751
1843761
580946
1043986
1019154
1037507
1336009
1158789
1024056
2749552
1163815
990888
1724898
1048383
7040037
2222836
1049073
2094695
1782844
3541631
2104152
2159918
1610009
683157
827210
869216
1760038
1041067
1441178
1132624
1095785
946235
1250280
1397545
1110922
940054
920615
649639
663998
1107120
2475981
1048515
1286075
1224906
1374532
853130
1579303
1589293
1252368
1264781
1344883
1387732
1221455
797362
1269633
1591202
668997
1483085
445163
1190679
1656850
1644038
1370864
893634
795209
638159
1067379
1494717
1051318
621604
1467040
1602706
2163739
603450
911803
2014449
667097
2294874
2463523
1146937
1407656
1815434
1829909
902648
1508626
1061131
1258978
4720150
1058273
2461926
1574847
1216714
1081255
1741954
1200724
7998010
1353124
1177449
1257493
1240612
1230349
1533018
896290
2000530
1272250
1767699
1759489
1022394
806914
1605096
2010057
1439942
1233457
571053
878382
733152
926947
2828611
1369827
955136
782360
1097437
1288120
975591
2333237
1217288
1696371
1170061
1286682
735121
1045264
1106576
833979
657839
1069762
955193
1196175
1434141
1206641
1011987
1165172
1105045
710738
782663
1471755
2759339
878134
919405
1230409
1534291
1759943
789848
2501046
795151
1337693
826616
1523753
1128688
1554174
3038013
2105849
1282615
1194703
955365
1700288
1776604
2714502
1206545
1635796
878476
519685
870311
1828837
2272952
648631
1217070
1585670
570234
814746
2097897
1784661
1060957
1460273
936404
755156
711789
667347
1745689
677172
1362915
1518027
596139
696182
1525454
1896670
1462173
929072
1045163
984956
1293268
992044
1779023
1042435
629466
1631609
1544417
906836
636611
2434993
1060357
827753
758098
1478619
1745332
1688552
1340196
907312
1007077
2902618
1644576
4587073
2794050
4962612
1097550
2053787
1230727
2839415
2009471
2124097
1681254
724175
775508
1012967
1252318
782798
891502
1665858
1254376
1265196
1097247
1105420
719936
652920
1953318
682903
604579
803605
699076
731627
704084
1151282
2783506
1508911
2132839
1340959
1237561
1034016
2420655
744420
716212
868175
735674
2107273
1015274
3012835
1306522
895796
667466
1367136
1363025
710126
2619617
848280
681525
794234
1597871
1683684
699652
2413911
1509226
1377048
1549226
660176
1250518
1417479
1616371
939664
693072
1029845
1042283
1389012
614131
1731827
1445871
1334105
1199788
2028097
5213610
2790897
1828700
2601942
1982366
1161398
2529099
1877963
1923605
3025596
1240502
746484
833965
735681
1409673
1333598
2070730
1240684
1131327
1345239
837579
1078524
1007791
1976518
1878549
554462
1350383
910089
1584319
635571
1184929
1588640
2100333
2927054
345525
1898306
1084144
2275570
2144117
2793687
1165962
1777316
2336180
1451293
1919386
1261712
1334262
1176072
1111696
1310186
1318946
1575627
1530259
730714
1668581
1435778
710555
783566
1393085
844150
641302
1483036
710507
1173150
623934
1234089
1570384
733349
1036737
560324
1549293
647115
2197032
1383201
1340551
786380
954880
1993628
1886085
3328736
1981891
1157517
1753207
1208545
1163582
1704929
10147773
2558565
885629
789028
1058160
1437686
895973
1196350
1751648
964024
1429934
1336348
911237
1164547
6579551
1082472
1085137
1575312
1063236
3900162
2990774
2217439
2833991
1424114
725654
1092796
1088688
1229034
1391718
727421
660523
1186934
1265465
1459234
760600
6251607
950024
577534
555598
703594
599909
2422618
1670305
948980
738541
1088150
1201568
1040260
605375
1744597
1345615
1480861
1699287
1133592
1284025
672736
1903017
1343737
1715930
544802
2027065
1492959
2184330
4268745
1332597
589381
725780
935931
1784957
1383618
2182511
1528172
1975954
1235454
1098004
1399824
1042677
2677008
1767332
1679801
1546489
972731
1344951
1462233
2310993
1542065
1330200
2204418
859235
759726
1275734
2175394
3009341
8091940
1831146
2082128
1395443
1224751
1151031
715674
1197184
1369206
1258288
1156974
1093790
2151122
683174
1321488
777404
1248246
1347081
1456704
1882960
1238169
695785
683134
926494
1095693
732456
1395238
612148
1632035
1307436
1119252
1288382
1280109
1114704
696227
900712
1224829
1091996
1062910
1150030
1171464
743190
1155590
1117443
578066
637233
1054196
1700739
929507
700358
958737
622719
792162
1430143
1480440
623615
657831
947917
1260743
711327
727762
1357897
746930
949920
575757
539981
689998
2193194
3606985
2002408
1132782
2351184
3185925
1935826
2652988
2140514
1251662
1082638
626989
632801
598410
1506062
1738962
896874
1889201
846346
1468449
1143636
1132846
1740014
979972
557903
1167730
1352265
643707
836118
2399780
1040339
1739178
2051697
1903721
1075523
3532949
1975714
2191849
4824339
2362389
879698
1798792
2312622
9214441
1881310
3069820
6582358
1985354
1194646
1089296
2820103
1039136
1410769
1153949
672844
1385090
654077
1163264
1164207
1186878
854454
1523823
1535676
542336
10123025
5119189
1915995
1276810
3642776
1166888
2432181
11816937
2135582
2306117
2857036
956325
904159
724139
1362797
847175
683079
705944
693863
1257897
763440
1139139
1154445
1134035
1612901
1111407
924409
1924800
1438281
666177
676994
742842
933499
647826
1111026
1136255
1190031
914763
1150515
1066429
1272574
1623886
1637287
1081809
738903
1023966
1017590
727130
1278283
1894943
918026
747941
734334
761704
945648
662260
2951735
2062385
1210778
2071053
2158991
2148398
4712701
2525023
1159529
2340159
2266891
1984889
2108244
2150662
3238301
2047271
1350621
1151115
1021961
1859465
2168730
3701934
589495
785497
1700572
582280
1534114
1745646
2285517
868141
645113
552004
1201798
1178777
2189534
1815971
4140632
2050148
1159053
1214394
1033872
4199255
4294625
1912403
1113942
1024720
655383
917145
883219
1829329
1041364
1042066
960141
968361
1856105
1241918
1081938
1395906
838615
701312
715026
881586
2005835
2422712
1091228
1032361
3287097
1296597
1225228
2071269
3402877
1245867
2269103
1071968
1063404
1179720
2026260
3408044
1224460
1365292
1219164
935167
925757
1144035
1719753
1004762
1459076
743074
876986
1194089
1110262
1172311
2419538
2949282
5893678
2060617
2159272
1127507
4212957
1747738
1931139
1041390
1426346
621347
2111639
4552938
2249092
1362174
1148789
2961356
2588114
3265718
2057553
2058539
1817357
2771259
4724380
1458163
1122117
3680914
2144816
2438183
2175583
714386
685738
745402
1301079
878471
3082685
2725273
2528891
1929304
2817967
7782722
2306052
1153970
1027503
954671
3616805
1967024
1056437
2015164
832721
771753
1025859
635162
837138
1812865
935513
806217
1707128
620515
1397776
1554106
2443768
1448738
981506
886901
955303
862690
1256076
1373881
1138867
1236295
1173071
1226759
1404167
784328
1391795
730581
4412493
2841465
2564882
2310005
2662990
4700934
2239877
611888
1176056
679117
697262
620815
1420435
1026730
1286946
898108
1835368
2298165
1131024
2201190
981387
752299
1464486
1703999
1351847
4646274
2076997
2405836
1250456
1138508
4192552
1925248
3448058
8687818
2205354
1316663
2685649
1740892
1172943
685692
3002794
1203043
652602
659566
4525980
1418108
980819
1070229
605215
1901037
851817
625752
595994
775225
2264769
1841449
2285516
3771377
1227554
780987
806559
1179168
772399
1217109
1301082
1240892
737696
2106812
3300732
1270703
1947576
1346656
1425687
1207525
1290676
2064523
635224
992938
626159
1262738
630870
2328018
2790540
2113724
3031670
4771714
2389808
2193811
1971791
1925238
1904278
1003626
908130
695231
1006808
751277
2090513
1168023
1299023
851395
580348
1160591
620573
1683957
558670
1150158
787388
5649369
1978017
3095364
7577180
1966028
1805421
6834682
1650512
3170112
1356557
3305604
6685577
2338524
1590647
1940428
1903934
1859781
5901240
1980388
1626189
1907910
2750222
4303721
2160772
3838421
1251552
2081989
2510729
1449080
2346977
1109480
4781150
3061512
5575989
2808249
1961239
1440532
1874702
1794878
1918157
2585106
2350971
2325630
1384436
2902823
2795320
637404
1601072
645162
824013
866402
1625674
1979380
872907
1405553
629387
2792564
1068389
835771
3500491
1943879
2837752
2091380
2733089
1777871
566018
1489955
724452
676490
1082306
559623
710249
640685
1762412
1055757
1227033
613109
1022349
6159036
1032711
4527468
1095862
1972421
7170991
2130669
999440
1791149
1684484
5307213
1514191
1336540
2826636
1099694
694189
6858101
623180
742121
1129648
653018
968190
2223126
3402518
1596405
1836647
1181152
1936453
2812001
2284674
2134453
1252677
1177855
1444025
1055704
690171
547991
2287233
681309
829665
1776064
1317909
1269528
1358080
2028568
1202661
5771648
2497862
2143314
2206520
2120117
6173799
1961463
1083345
1096368
861114
1210302
1081574
1140685
594009
1446500
968829
1107025
805751
2088048
1890613
830814
829025
717204
1088769
865509
1170338
1650006
1060539
1157333
663672
646755
591267
547604
2237213
634000
625468
611086
1025298
560693
655703
1647815
1228077
689890
582336
617701
1033603
914662
1242546
838604
1067072
837502
946095
880994
685085
1678613
700908
907466
631722
972879
1135953
870595
1313035
757400
714783
884962
2018174
2601624
1870842
1702707
3062422
1856167
4808055
2827764
3253391
2856269
3168971
723300
1603510
1106259
1088393
1523217
938189
2783022
1073047
1058445
1685281
1055107
892292
1311463
1161491
624700
1241580
1260324
1280205
816178
719591
1457140
824856
648917
1184285
1129046
1194447
1227192
1768847
631401
1249429
763161
695200
1175179
792524
2141265
1057149
1214493
1189374
1591809
643159
590225
1029470
692491
562360
875398
902250
727939
683960
1792679
1393582
1428826
1608752
1097840
848077
1307415
2766151
787778
667499
1043808
587778
992914
1924894
2044257
738830
963376
1510863
2216834
965598
1819327
1002529
570649
742826
639439
1074630
549981
1975530
1824497
580337
1522312
1879011
723675
1077146
685411
1090383
1180276
672571
734425
611306
775442
647212
4652551
1068263
1831521
4120189
1960833
2217209
4119267
2886444
1600994
2051046
1528581
1186722
1359823
944063
2211975
749618
1345293
1266071
1394068
1555417
2663953
1158105
572057
940710
622673
1074746
1055903
1223140
1103711
656930
859843
1039096
1105001
981051
1338214
4506106
4589791
1210416
2429047
2526624
1031097
1953357
2060949
2905494
681389
678301
576786
957408
794724
1124182
806474
601561
1050181
1061752
666879
1032033
1873121
594105
938849
1137044
857794
893253
658776
1756861
710838
599220
1442126
1267996
972148
670842
2203278
1380107
743456
1240459
1906590
627520
1413682
3492796
1167632
2953045
1322576
1987358
2547296
6067170
1885593
1300710
1998018
2841196
2982780
2794091
1387939
5760665
2099346
2255957
5134150
2448301
2759720
2724246
4922797
2971844
1273499
1103632
4392557
3086046
1249043
5809307
2697566
3123198
2871655
1665408
4911411
2191977
4242936
4387864
1965419
2248024
4357943
2869739
1242833
4375175
1412810
1822531
1220383
1064997
1418130
1352373
1783198
1079041
810835
658923
593983
1304247
775597
2773533
1798876
1252279
769455
1136679
1371866
848812
2425329
1679307
1015220
1275425
1565601
1736833
1286266
2249185
1700609
1750562
1759683
1561863
4925902
1555861
2568413
967599
1570729
1650579
1801288
1895285
4045286
3430596
1070654
2256984
1122712
2188747
1646365
685267
2006582
1004912
698764
1000201
897464
1327363
1334021
1929445
650955
1522087
1635993
1255497
1409865
1396606
1645943
1471732
576928
1690128
929375
854062
4321495
2691607
1908220
2020099
1814320
3472199
2305175
2933556
3975370
2961480
2085276
1567280
2723633
2678749
2346737
3562402
4653506
2590800
2842155
1011461
1710710
1756157
1412795
620166
1166371
1413542
683616
1158350
584759
1396970
678844
781973
624618
784024
710487
1317293
1228228
1291694
772350
849331
661495
842873
975328
1535745
4543905
2051793
2094768
1072335
1771684
939010
1381814
797881
827947
1348572
992619
914393
1315696
1771731
3831005
2268268
966569
1154658
2296401
5270783
2554545
2336426
4979559
1438600
1230653
1152170
1686257
1098646
1112682
834214
1003890
1261653
849656
1030161
1798278
1419543
1029306
1079707
838845
977740
1012248
1029738
1107554
2003335
1621922
899519
1554724
931022
1716890
1399736
619304
1696808
1109077
1451587
953784
1094974
1074311
948319
715467
942847
961261
904020
1671987
1093216
1063318
938366
872655
2075389
2102896
13041336
2254789
2200681
4287385
1812179
969965
998102
1675658
3034183
611107
806654
682431
822268
685109
1219214
945657
981866
1373956
679091
825380
897268
1070907
928454
712926
705270
932665
1022485
718632
1876589
889642
862876
1715088
1672167
556025
1111403
1797149
1997531
1982659
1317051
695376
2007115
1781594
2638007
1892092
5286389
3205053
3587252
983215
2569016
5840632
2930047
1489339
4089786
1859133
1015495
1705959
2664907
1125110
1627176
1556371
1120169
1729049
1145315
1808065
1497395
713447
988723
676863
924413
1155939
1493866
1289314
1464912
1397526
1117755
1321279
2067967
3200484
1939191
7195159
2349657
2290555
4748404
2738117
3491292
1264188
1920064
2226997
1118116
1398671
4424692
2221577
1952013
6494251
1685940
2280815
973837
1839906
2174881
1321150
1309687
1604233
972408
1676645
1107668
1808708
1097899
1079696
839252
3151967
2625079
2325038
4739179
2969592
1964903
1530510
1406335
845319
945843
1181093
1564202
1638029
1583192
1009364
1390749
1237428
1226064
963570
1236917
1052697
1136455
1223069
1196135
839784
583452
691132
694172
579414
747861
721526
678889
656502
716843
941819
944366
752707
872517
638510
991553
795451
986696
882479
596142
1012457
1694487
701657
2060790
1014494
566491
1811602
1473143
2280727
2599201
984155
1186684
2122716
2009308
2013938
1900643
1940741
2618158
1084625
2152811
1068937
3434750
1553708
1284126
716998
603409
1580345
1267971
677211
1044696
1102242
1229983
1189453
1071427
1198626
1422322
1382353
1258365
2896865
2268960
2697544
2372917
2093432
1286704
1197222
1153481
1081421
2617954
1300112
2059465
3470514
1351398
1110768
2253811
2031753
1160907
3429814
3497892
1614572
683113
770799
1401683
748392
867364
1228209
1216437
654481
2241736
1248988
1824580
1904039
2006305
2179283
1190845
2367986
3840464
2547121
988189
688585
1556511
625832
1609967
1161804
680673
714842
877490
882798
2971587
1840727
2838140
28895425
1823345
2248815
1923754
1953947
2005258
3285361
4096271
1126468
2083644
1853275
624565
756405
703058
1814153
715462
2004418
2155233
5195048
840532
1857531
2588211
2070193
3649877
1883067
3604461
2074226
1241960
2821258
2899468
1124304
1029174
2186345
2016448
988303
1167610
1737299
995755
3095199
2572330
5006068
2952940
3787770
2445581
2158297
2036827
904026
2073348
3664803
2329529
2035262
3751099
1022904
1960474
2693865
3138393
2864342
2111882
2791928
2814578
1384778
1992443
7457268
2927614
3516713
2197772
3118221
3126334
1162109
3456812
2802012
2103161
1928245
4655219
1907061
3507597
2462690
3723608
2882491
2025098
2070154
1959586
2097720
2497829
4671450
2765364
2497768
2333975
1591496
1295771
2556628
1498248
565004
2248541
1709633
4608540
2340310
2747197
1294818
2208449
624328
1699589
653615
836357
1200877
887504
2002652
1190958
1026408
2424914
1913589
2109709
2150826
2471904
2429192
2011590
2442338
2755521
1704035
967783
2250665
2988789
1251349
1937989
1814736
1525870
3071771
999163
4352171
2147062
3834950
1601430
3539460
1152334
2379059
2090015
1835587
2204810
1776301
1437337
3721565
1738238
976887
1971827
1123779
625684
1496002
625935
1537793
1641929
6348952
3318932
1871089
1179879
2029827
1864051
1260895
1142570
1939840
2065100
1211135
3962064
2235890
915374
2015330
2165611
3126934
2181266
1952516
3493043
2721174
1788307
1846793
775018
726696
1057800
1703356
840609798
1033618
1012509
1051985
891059
1285194
1365046
1087637
987673
976053
985207
965247
3339264
1140542
2245849
1920915
3494189
2195333
3236214
1402863
2689648
3056501
3311095
2352059
2743925
2301351
2604326
2136828
2244320
1708762
4163386
1296327
1718102
2239519
2263094
2239388
2113258
1989122
995667
687766
1119945
1028401
1147487
863094
1069664
800671
954313
912873
979508
950081
995117
962949
655360
2179812
2246130
2292041
2063234
2270991
2230771
2532964
2613969
2554713
2260825
5420043
2536472
2576897
2287670
2030932
1051521
2288788
2173492
2273611
2214994
1008683
4245239
2354697
3888183
3469916
1667226
1391423
2390090
2968732
2230375
2312101
2133373
6918236
3344580
3152021
1943120
3185731
2954706
1073755
3063652
3401869
2246204
2285361
6058333
2315372
2270748
2102968
4133588
1117578
3557193
2764422
1194287
2381254
2570048
2127197
1812739
3369278
1874216
1290552
2222162
2000783
2088809
1030820
2969194
990684
5722686
1300067
1077644
707249
1348323
725765
1272227
657492
565839
981067
1041346
768898
1785879
2231189
697702
749619
2025350
2030205
1253571
2464821
3587593
2340986
3728459
3783921
2406935
2074379
2914953
1888259
3636617
1888040
2002573
1028823
2025796
4371115
3639788
1468566
1946353
1972969
1149667
8115442
2727766
1628831
1098820
1886468
4576754
1090726
1166492
1431170
1152636
1609848
999129
2880214
3452940
2397548
735590
630415
1244276
1729279
1334459
978383
542220
984566
695501
1262576
1122226
1826903
797450
768289
808182
1059854
596721
1823815
1553114
1728869
1816315
1378044
1767738
697981
928097
971855
1104746
767798
2860725
5492166
3599457
3470323
2450063
2226205
2391112
3482320
3337810
1574479
1072981
706112
1024440
1194146
1240660
1094356
1099604
1092472
1063913
1172924
688393
1104827
628006
913031
1046867
917843
1133150
588328
1095849
886358
816895
850816
1201436
1096130
3154819
1210283
2194616
1137813
2503777
2406542
1294884
2332446
3108137
1306390
2312183
887033
706632
1346008
657851
1234317
826203
1144283
5454458
1140665
1207689
707780
3226456
2516344
1228831
1297035
1875621
2503522
1211091
1989764
2189590
1853493
2599352
1251142
1238401
1303588
1413836
801535
779660
1447481
1385297
934349
1691916
898313
3634235
1011568
1225142
2501231
1774020
1002731
980379
1744549
1442664
1990788
1156983
806747
653352
670798
1238279
669620
1117026
1137631
1135932
1296366
1196593
738988
1253247
753621
1364782
813793
670756
841629
759347
1285382
1329222
1290232
1218334
5231336
2289649
2237885
1287859
1151587
2436988
1202973
1176907
2097240
1959820
1207437
4981190
1768141
2365136
1932123
1952864
2294958
2149264
1298641
1998449
2303867
2176644
5302581
1252201
1870482
2013572
1183871
1192268
3021536
1299502
1300961
1305106
1911685
4396488
2058266
2898008
1863209
2482942
971687
3045725
3082812
1087870
1895102
1824356
6891906
2407181
2320095
1913459
1072144
1229175
3489842
2673619
2072355
3464585
3130048
4841347
3246597
2071712
7946190
1115445
1871204
1264728
2039433
3465521
2261000
1911829
1102479
1241150
1263895
1236634
1242683
1178433
642896
1247235
551812
1231318
1119970
958383
5534160
1575793
700001
816888
623988
700686
1244150
987715
1173898
762590
805041
1990803
743618
2067523
703755
557178
761496
1391942
1386363
558429
671647
557735
5913719
1206489
1160753
3228382
3341942
3101447
4192790
1340017
1502586
2250552
2118097
4092294
1098993
2076389
1358890
3439006
1182734
2331549
1868761
3173208
1202357
1341995
2080157
1465370
840538
653925
1557584
1590046
1377566
1183131
842191
1244450
761174
946055
738157
1214891
743089
758176
1372371
1549677
1917759
1780330
1370164
1128159
1610040
731308
1201720
749858
666595
583510
1975552
723704
1569463
1336055
1279187
1712119
1457730
1243288
1337631
2014335
1295441
1282100
1201441
841040
1406476
817164
2065715
788361
715692
807319
1184555
740965
1112072
1213524
763646
1557335
1202088
705488
1092569
792844
759484
877759
873061
730763
660207
681488
641090
1622039
823148
824285
802421
1615159
840126
1089259
1216298
687625
1229547
692174
874713
1399524
1056864
3202866
3186304
1180662
1229004
5975904
762476
1257861
2329398
1872267
1156200
2506341
2288631
1276509
2378845
1077646
3802742
2666459
1135244
1018380
1075350
1225700
1187782
1034897
1152737
1536408
606139
1610460
1171837
574997
921488
841457
596137
891175
1061309
4072413
1098532
2048795
5750249
1211117
1316412
3343072
2004414
5835023
1139977
1089272
2150728
1320835
1226788
3692609
1104351
2870404
2875630
2848119
1408104
1086766
767824
1152952
1365636
720222
753421
1378948
713740
687081
980180
672692
676584
770455
1310260
716365
859710
964578
2077438
1957995
1390993
2276296
1010901
1044534
2347841
1526725
1276776
3138339
4136316
1442401
1020431
998199
1073473
987419
2513034
1929831
1615937
1649184
1186200
3366479
700547
2179560
2113467
2053350
1175900
2071283
2218948
1842363
659610026
1474564
2608191
2869727
1143514
4653360
2775668
1173449
3562227
1310503
2871882
5918397
1609720
1853325
1395467
1296881
3311649
1079497
2594918
3699076
1153471
1519318
1660641
1704383
1030575
2782021
1150501
2881225
886961
895050
1797630
1541287
2309744
2665910
2969320
1166112
1983657
1210069
1696869
2539916
1158081
1475182
2253631
2398046
1457789
853736
2973570
1582281
981600
1006358
2572128
2811691
1678711
1099051
326977498
1846345
2703784
849879
1452103
1684552
1702367
1621433
1576336
1356476
1653515
1218533
1559284
1125435
1118447
1106149
1302414
1176703
1529407
1459299
2435264
2480750
1741543
2530500
937241
995197
1621341
1068311
2134239
1002105
891772
2124832
1933983
1047067
1463378
2414495
2649783
1828736
1043719
1321240
788976
1073584
817553
1009854
1129805
1135544
1125304
864830
1113510
1053348
1047919
1644932
1654424
780069
761412
1036974
2470407
2981132
2302483
2755987
2966358
1592585
3255299
2892652
1650325
1810349
1534172
1884966
2140381
1219995
1224498
1254851
2018072
907119
1818255
1755629
1258585
2003537
1315442
794015
1032386
1067509
603068
599466
1685953
1079562
633623
1241421
1276184
1101139
1218248
964263
1496715
1174082
688208
1303431
893158
1077486
648832
952679
691424
1093545
1259561
710804
647191
851814
730769
1548723
789969
1108326
1792405
3066589
2875408
931286
1812978
2833597
1545731
1642771
1852755
1251261
1618391
1089702
1963090
3058067
2928612
2892798
1753836
1075351
1551333
2300501
2897523
1706747
1566928
1169263
1068392
1910300
1151245
1811226
1901149
3015475
1826018
1662753
1838668
1676640
1644415
3155041
1708503
1690725
1968552
2922739
2403861
2047432
1961608
1472799
1601960
2949835
1218048
866117
948164
2286488
2955860
2149187
988121
1913275
1762672
2115867
899811
1052149
1856899
2412988
1817862
1238845
1995552
965667
1935796
1957919
1771057
2536994
852317
687089
1629982
1663184
1640986
1492502
1940383
3377161
1780407
1900186
883821
1167433
1300291
2737497
2729814
2926225
1509997
2525017
2945434
2772837
3121727
1945206
2109708
3080138
1200566
1568865
2760914
2177400
2217659
2815634
2107492
1360081
871813
613953
3087501
890379
958160
2065781
1996125
1650165
1955386
1575467
1128407
1736809
2045639
617297
2005694
817432
1557966
1156651
1524811
2997426
2974267
1729920
633792
877520
1619895
1015735
963960
1587719
2070141
1911537
2950010
889716
2048067
1604218
1442075
1724157
1586116
1344428
1605127
2107081
1696486
1716176
1569602
1591386
1771816
1588598
1897746
1875909
1717139
1046493
2746146
2478723
2106185
1956925
1039419
1461934
2771134
1036290
2014890
1183263
763358
1218405
1436923
700755
766475
1580044
1055063
1550451
2611243
2796652
1241914
1376534
1916908
2408420
1594159
1598541
1745520
1615095
2022295
1098618
1077679
2806278
1982135
3492690
3029017
3040424
1762405
2019031
2964999
1776027
2034946
1935553
1023760
1709925
872977
1087798
974322
1176292
1024051
1619708
1600426
825649
675479
2034120
1114030
786612
1696529
1526907
1348858
1668502
2476876
2937395
1269885
1768105
2798559
1762052
1716692
1735169
1834389
1794225
1667250
1697148
2076912
1699646
1194554
890858
975976
951545
881808
976588
2903030
1835608
1795453
881513
1768525
913379
1648571
2604673
2341116
2308412
1605558
3073633
2040804
1812046
2400948
2975208
1790330
1619539
1772496
3056265
969841
1735770
2883923
1320665
890957
1143479
1093574
591968
1206383
676256
889098
964829
874683
894540
740280
1890927
1837730
1297045
1507092
807492
1921992
738127
737303
639679
1194548
694384
1218636
707520
609992
1421372
1364440
1266151
1753871
1193915
1222527
1188528
1117759
1377511
1796945
941852
1353832
1280469
1496770
1663363
1177640
1066152
666955
651033
1219204
990576
595850
1991829
1161949
1498909
1121260
1668540
1176191
1739906
1752710
1055568
1750344
1075129
4893893
1696693
981288
3057844
1677636
1248952
1685230
1552607
2284288
1621394
2312230
1549151
1295238
898123
899076
1040451
2489636
2297221
2563244
1711120
999019
1838452
1887832
1022101
2542675
915561
961699
1806019
5026563
1707644
773146
2179300
621285
2879430
1183212
1109089
1266478
1139089
1904635
1683026
985439
1826150
996460
1762908
1531872
1593735
1534702
701051
1602387
878417
1519526
1378268
1551881
668539
1058074
633319
974896
1106526
1004142
965628
1726139
1495483
1142235
930888
1586815
1132271
954198
996848
1602694
1697023
910764
1420953
1598576
868674
1562023
1644729
857252
1828269
604586
780564
1070109
594016
1485789
1635293
757101
949404
714984
702889
707946
713148
637362
1192537
1600473
1681694
658496
881615
1333857
1583768
560176
1113430
1208219
1354609
1952154
1722061
1186525
577097
1594268
1155858
582761
1003331
1735031
935759
1312038
1681318
1679561
921080
949388
916385
897518
1862920
1812547
1496406
1029367
1550704
1295174
1490934
1194043
1723138
1803162
1619706
922325
1685386
2512096
1651542
1193074
2011125
3138737
1741500
1498084
1670736
2770457
1653113
1424871
1521847
8700999
1211704
686793
711888
652775
610831
1016182
551245
1211614
1147500
1329777
865352
3701559
801042
674720
1047337
2912822
1626345
1054384
1047676
1480712
2426508
1693996
2612361
1880498
3070931
941431
1547261
2475179
2455989
1822377
2363939
2350680
1605432
2438833
2036780
2849937
994510
2596162
2914963
2887223
3022617
1358548
1718807
1820134
831464
1540820
1485139
1025565
1117611
741718
3865123
5560641
1459409
1010799
1452010
1954411
2665223
1598858
1322366
1289253
1794640
1759861
1602078
1706748
1111343
3207474
2534023
2288618
1723455
1312977
1955942
1967042
2469329
2206795
2018136
1008694
968369
1175219
595249
1086139
594506
1527139
647461
1211391
1093239
1190981
1469893
638376
720737
2240586
1861948
1607948
3134186
2337871
1497527
1509092
2751349
862219
841024
826967
1450121
1823883
1501207
3260477
2770094
784559
2731261
2740608
943292
2774001
1695361
1585727
915554
729391
919361
907981
1116480
860269
842040
1750889
1626723
608183
1977862
827918
2758210
869782
2052295
2453984
1462562
1574570
1528751
2543643
2103615
1756871
1406953
1529497
2636289
2885735
2454581
1431833
1662395
819660
830208
1167498
1306526
840506
839056
1550521
1284841
1133689
1883231
1700812
2017836
1002438
1194805
2427009
1560867
1642352
1514927
1148454
646713
2180861
1455468
2367985
3035795
2114795
1213452
2848320
2178012
2603932
2843285
2383064
2270187
1478424
2328726
2470211
1303384
1563940
1472739
2621324
852007
1401886
1688528
830655
1910160
1587763
842466
1654674
1868152
1101655
861119
673169
594417
723945
826340
1005251
1211843
1817581
790707
1511797
722475
1836563
1057401
961342
1356305
890885
2246373
1489658
1481587
2468526
1710173
926733
1531068
1642433
1014697
2447030
1829005
938988
1676138
2556443
1250232
1632924
1051974
724843
833869
1051831
1277131
1187619
1833089
1081478
1894437
2161761
1406666
2238805
1792773
1289149
831431
2450190
1665999
1824702
1721371
1658985
1049395
2515152
905450
838351
762827
869822
769431
535812
586194
1452332
909931
868316
1242577
983223
1171012
1092776
1093776
984161
1081444
686791
854828
1053916
1761937
1008467
6321795
1710241
1216336
927512
1006927
1107654
1717298
1170496
2516412
1600659
902200
913226
1154810
1093116
1293003
1698711
992420
783539
1716254
1579190
1844934
900073
1836803
2766775
1619644
598940
1481876
1521450
1662871
2507398
2085777
1707099
1047853
2936814
1499065
1727046
1630365
2935008
1111636
911219
853466
1406321
3164608
1011033
2385191
1725056
1820728
1112236
1689752
1608221
613951
983953
890280
1474069
981983
824932
923450
617946
1334197
1092814
1106001
771577
1024160
1015945
1040298
677463
585932
925584
1109193
1464272
803094
664291
1372934
698428
1219122
1602942
941577
1087621
636385
957094
884282
761695
904562
618825
969567
1454354
770940
1507771
1477056
1249728
945476
1185662
732044
1232194
1013039
1164788
1157408
1205337
591893
674746
560241
608505
605959
1062336
771667
827271
822255
895795
627014
994674
1022572
787782
1103016
716635
763575
802341
850701803
577336
1157183
1588910
2062116
3063377
1732670
2696639
1399075
829884
833954
1283881
2675006
2210086
833849
1524777
844463
922650
948998
995730
1150533
2643883
1461691
1372990
1217318
2240208
579268
631277
2947068
1212033
1421719
1622480
1814994
969440
972355
1500773
1616060
1082472
1666455
1680364
2056983
2751987
1639272
1649346
988879
1395404
1824404
2648185
2402417
899661
977359
1029420
1766850
1006190
1406628
1079829
1213808
1011210
1643966
1167219
1790987
1555801
1487890
1870649
1016018
1141034
838787
1029762
1077795
1616078
1042765
1001269
1330583
881669
1706728
1409761
2766645
1828435
909710
894271
942021
1006765
912872
2744634
1438409
1304871
1504040
1041925
1174538
2655365
1396302
748025
931643
1125738
950078
1217723
1429766
2838803
1501508
1453295
1835743
1822605
1506048
967358
1569416
1481659
2289378
1323105
2044975
2668607
1465927
1078347
852215
1038798
2857416
1543269
1214298
1445647
1348741
1871924
1421826
3048061
1353035
1666484
1764516
1865469
2577260
1136362
4215101
2508835
1781681
2716794
1567562
1033075
1186564
1161866
920148
2371980
2745902
1855407
1657951
1572603
1791292
1750763
971757
1753953
1615090
775536
1568299
628081
823876
764970
1140360
637601
649469
937608
1048836
897485
588246
776261
1595170
908461
896114
861554
1857260
1506391
1111316
1503954
1695507
1666379
926679
882414
1016514
1312736
1539544
1045829
1420980
1622839
898561
1867796
721501
2798012
2241849
2412829
1520571
1152427
655039
1548186
1816358
1470057
2657641
820526
2509564
1466072
1401936
832080
1547908
1501315
1697447
1163627
959011
1332806
1307980
1492576
950962
882007
1478964
2564325
2691195
755581
1726207
1766266
671403
914831
570918
987949
1039069
1312678
1111560
1531949
1078399
980865
1512372
916218
1687708
1390300
1415528
1663042
891064
1407910
1649554
2562407
1642108
1307806
1147729
1684295
1671157
1396261
827155
1033110
1509179
1440497
1457768
1759439
921701
1413401
1154114
1026070
1600466
2788281
635082
951145
1693294
1419458
1396083
1540358
1577746
1597125
4370761
854661
2743453
837056
924690
1525902
919902
1519951
882887
1662602
856892
1470535
1361370
2870586
1556965
1723055
1027292
1693274
2095892
1458684
2329371
943382
2594883
1523282
1736652
2552048
1426413
807486
967437
1757625
1011899
1004552
552662
815016
2258152
2554620
2305728
1748599
2088483
2512953
2951060
1657479
1449791
926264
2077205
2327758
1694580
1482955
951643
