835684448
1873083
2982124
2545005
3716536
3689745
1396644
3869111
4730995
6586934
6488182
3595844
1560137
9384910
3305774
2930510
3018114
1795524
1652642
7655677
5007610
6488158
1521619
1858694
1689591
1816552
2230688
1907969
2593337
5087018
3256416
4588947
5357425
4929627
1559968
13606691
4918773
3228765
6676599
4200473
5546900
2794887
3252884
2431653
2056998
5145424
5975627
3883879
3169010
6458663
1672639
1149392
2014639
1218331
2618794
2448979
2301429
2164390
1165458
1191683
1283008
1384734
1437899
2179565
1639955
5360214
4243962
3991638
2883168
3949586
4504333
5784310
2743045
2383553
5999384
4024005
4372753
5226115
1139795
1958795
1011550
1073074
1947701
1140566
2162091
2299911
1146765
3397793
2531197
1590246
3045659
25666715
9102657
972782
3093090
2408157
6263403
3801232
6385939
2668879
2611063
2106582
5075825
2316592
4447292
4920281
2372009
5174769
8653683
4404331
3997204
1532594
4553652
2654289
2680809
3980010
6399664
9914490
4672072
14279847
2149783
4216270
2555004
3237623
981427
1999848
17132862
4146996
2106022
1545957
1227595
2061994
1469543
3523936
941822
13839407
947519
1276576
839703
1294678
1695788
1026130
925711
947786
1305131
3431715
2642659
3522782
2036342
3831768
2104356
3839001
2154607
2300507
3554459
1057779
1390120
857505
1820671
2080396
5341004
3479073
4380656
3730972
8817249
6576988
1951023
1814950
2974399
2012560
1578740
3801340
3047674
3646024
3984489
3515048
2335579
4306232
3374836
11864378
2947456
3015954
3522727
2073659
6274218
4794107
683644
2440766
1721743
2603899
1643908
3106978
6600093
1598562
1907356
2121503
3465899
1349047
1686507
3636725
1798800
2006417
1395653
6464397
8381189
1785183
5040868
7355461
1640574
1814465
10476621
2998004
6266866
2207527
1780356
6958687
2122131
2145513
2822125
7422191
1929100
2055463
1968370
3390765
4409597
2682714
5339190
3336795
4857562
2471262
1885101
6026869
2915068
5244864
3158074
1721381
1819264
3991173
7210248
2461962
4371873
2047555
2520978
1626597
1892770
1499921
912868
2714983
775585
648755
956478
828198
3297154
1044859
2085130
928274
759160
2591024
2104821
1496870
1672512
1804034
836709
754165
1176632
1587017
1550441
2998146
6106550
1564314
3270622
2414591
1532389
5134663
1785604
1622936
6303916
1305998
1405790
872927
3287332
1592396
867620
1640957
804033
4085767
1544644
8942010
1322449
1849753
2173726
825237
1010900
1063610
1713476
2948107
1799599
963974
1081362
915192
1778890
5512607
1474068
5176005
3896919
1373705
1093405
1063700
1738457
1396154
930689
923787
875280
1459900
818356
2342937
942008
2277353
869273
4895422
2236021
1991754
15830665
855908
878568
737751
759113
755012
750648
2101488
799804
917467
1002025
1623374
810127
863757
1349197
2347263
870823
1924835
773490
994212
1277336
1774200
803657
896553
906795
1264167
908026
790482
1594771
935275
1376153
915878
800268
780433
1134548
3646737
4489986
1031747
1951704
1901681
773344
1128119
1483305
1086637
1505477
782841
971395
1084253
985674
1304603
993164
1594190
781305
630799
5735657
3161643
1452815
1110151
823341
1333801
734383
1290289
1001713
22699197
1227708
884074
769935
1702761
1325881
4686713
4239653
3307907
3093390
6960651
3862218
2636201
3976468
5596094
2643646
1006696
874471
613626
726316
7465487
4341562
5040797
1694492
3051789
1891561
1271960
3677822
4579222
1436262
3647297
2677674
1742124
4477343
1282888
5068186
1486393
1435307
1454866
3069983
848470
1105384
14525320
1298478
1303439
2415127
678625
864526
840686
1562193
1012413
699618
851680
1360450
769871
752706
1463241
660970
1176514
947080
984620
870485
1104414
1627327
1421267
723039
1013965
801454
830366
821675
4257391
1512605
1294329
829887
1039300
727223
829624
1546513
853016
1109112
1715693
667544
1190360
1520682
5087325
1005759
2520592
1461073
640631
680075
1051474
4053521
1363032
5142011
2359180
4617831
1313290
2657951
5009575
1308178
1287386
2686295
1327699
2179436
817295
1504051
911555
1039687
6118590
1195535
1089602
1021248
1116560
1699360
1706268
1040378
1798079
1536876
1576896
1192243
695150
833317
843218
1454663
791720
3715769
1158883
1419096
1504020
2518254
1358805
3424637
1460251
7302049
1070819
2428712
2429191
979080
4003939
1188245
3806270
1949344
3599852
1169096
2866619
1541287
1433687
2363440
1203255
847939
744909
784535
739672
1358534
1722495
1019052
894396
800560
1169123
1463255
812293
1426312
742635
830612
1243028
938810
977924
1167464
1655328
1257635
731729
1004702
731052
1097402
931748
28938805
977682
721169
708498
1146140
989516
696753
1569731
1790497
1905736
1490052
1035536
754767
6514541
1162760
740802
712045
1449614
711381
737110
858439
2308676
802858
837775
1257731
845728
794298
844659
1336417
988820
1751365
882119
1468571
1290138
1678016
1452932
796704
762666
1589484
1455176
1197796
842821
1411442
1323844
1621396
740007
1028797
4557495
1902715
4959921
1171256
2569195
1286861
733230
900487
1004240
1550512
1045695
1313248
792149
774560
774304
795913
2049995
1362441
800300
737793
764080
1255709
1278181
1483498
1344375
802779
1346819
3349309
1443912
1266866
3950577
2382828
2946991
1179461
1393990
2448065
1492256
2548020
1907823
1347838
2978057
2330877
2722306
1014304
3687405
2895641
1152049
1568244
2700577
5154754
2510502
3944098
3441747
2451228
2524103
996438
2282615
2513936
914953424
1011549
1602634
4445999
1263949
2961987
2450054
1789372
994938
1159903
1056638
1160916
1149800
2568590
2199103
1268857
1674562
1141550
1495976
2305972
1587473
2772078
3486773
1142328
492471729
1153095
730510
808325
1415476
1235116
809768
738455
710659
788769
1091669
1511624
953562
968414
1068059
936166
676150
1441453
1158793
681825
864194
928653
875522
691574
668224
1779198
891710
797602
1254356
1299231
742929
1262128
2093307
1073983
677636
786077
550973
1241995
716981
1153012
1042361
1163155
1057030
667024
1138457
6301365
2819398
1028881
3239710
1172335
1131004
1150531
1960147
5490797
1126285
2478941
2927188
2425041
880811
1070980
3992296
1142717
1840181
1374403
2540620
1158160
2620941
6769777
2464419
1248670
1178933
1407990
1105150
1209021
1862183
791799
999432
1131498
714779
1039379
997544
1152020
1047121
774302
1272767
715330
2191075
1350427
1215792
1062926
8185081
771233
1094677
1247724
1283664
1363641
1093716
5425697
1027169
637011
665994
694392
1900093
894243
1255255
1023279
605048
608928
4973477
1650061
756721
1217345
698247
636719
852682
757856
1283428
646883
626901
731333
867263
969590
686592
1918096
600597
904476
841152
753669
726624
851355
23578824
630142
1300763
2099235
924191
708199
739409
1142502
1056153
660902
998109
459522387
613482
1109074
1123819
1539889
644904
693014
1234094
655067
659103
1389194
1033851
675541
1705364
636734
562478
668197
1433844
783048
1273643
821947
626674
665819
613704
1381626
694277
1724017
1813920
1310285
720526
801026
1265616
667069
638225
1361359
665288
681512
632082
1236289
630874
640283
1353491
677577
1160610
675702
2889330
651780
1635848
659365
1177527
708961
669798
1342056
1555903
1466009
1372039
1132113
1452635
1276044
1415758
650060
769094
707722
753583
1259563
692210
1396209
679447
743538
1685788
608082
819701
747810
2235782
1848155
1406014
820364
1311091
741823
987339
1253050
652928
1313379
1005680
764493
1102987
896080
1599628
676312
889251
705027
703587
1260610
1148467
1258015
1669545
1557686
752014
1090670
960223
725058
1251351
1448326
1470579
1494260
618133
718560
1520051
1224728
1632255
749219
732945
1399320
963674
994098
1376903
1365353
775612
1657494
651054
1408110
882052
1325264
1378518
719230
721577
892780
832846
827971
993855
647005
737261
20682378
658734
866125
1159660
1850303
5271224
2400999
2637876
1261621
2323413
2932212
1919591
2886717
1234591
2214770
2803922
1056241
1195047
2049749
1019690
720608
1928992
762649
710001
966621
1920528
806668
1080495
1224798
1579931
1288841
1276787
6333267
1127508
2195122
2898123
1159598
5540637
2261850
2267387
1378359
700625
1221616
831498
1066561
659892
1157703
970552
937798
657568
676388
1040551
1435242
1469406
1121312
720950
920689
696355
1988165
800843
1568370
1332033
3125932
1185146
1099462
1141071
886527
1259212
684693
842431
1358057
682507
1354993
1326183
1394576
703092
1050311
1700376
1634952
1474783
1349263
1236371
1044689
793188
968751
1386745
993429
729386
1941286
1073464
1073108
739651
703873
721767
649087
1393973
695335
732348
705713
698309
697892
763938
1264987
686624
843024
2001662
5574855
1280880
1130113
3940244
1923266
2320065
3390474
2419146
2683222
2380875
1265406
692298
711996
740714
772386
726364
720098
1390461
1035073
838424
833415
1057378
3085883
1141792
1910085
2023373
1046251
1108121
1162584
1008338
3370606
1875308
1101939
2892925
1126322
1132344
2175186
1179739
2375449
1191943
2666485
1058922
593868
660581600
774362
1140736
812994
1099872
1035533
1008064
810575
933436
1230746
981260
1037614
713064
1077760
700452
749335
1291047
1515207
1428740
643866
1076944
663548
1114773
1227543
651212
901899
931342
551348
1354032
1094240
1104821
883600
731911
674132
760829
1332249
1000628
1356600
734261
728697
1541243
597073
1002587
802217
1039083
1612238
661295
1349613
853977
692702
661914
1197782
563871
886011
655126
1657340
1073889
672640
1394994
693533
675203
634090
722702
822217
1936501
2132446
651297
916973
673278
901926
1282032
763059
17660615
1363459
921366
1413713
571625
744223
546702
1075575
1950875
664045
679443
1264004
1843078
1574583
1662949
646005
728609
742317
1314141
2662868
1510860
1414289
1616580
795147
756549
2678989
715985
670424
1318066
799035
756325
1396944
1246936
790227
1288365
1220400
752737
771582
796354
782573
844236
774054
1221099
808156
886346
778506
651002
703654
714935
1146454
910438
842789
742964
833342
755295
976975
1251327
804082
854710
747709
764414
759834
7722109
3636676
4908162
1137301
1620018
3235823
2475335
3640222
2423753
2496979
2146507
1460441
758836
1004391
2982845
2406010
4845688
1556269
1554497
1968179
812077
870385
2372817
866917
765625
2015953
1158391
875401
768635
3208309
1129850
949126
1100082
1062745
788724
816754
1274805
1051061
1544710
1462053
802796
1446845
830204
2151787
782128
1981499
933643
706448
1587349
903834
1210964
1908124
2232214
855782
1279444
1580421
1071841
2013367
931794
851844
845560
779269
867536
1623436
2400590
1398158138
1164437
899365
682562
734629
906495
1851836
1352355
1431790
750410
751382
1142246
741189
1908511
1060099
1124522
939450
792077
1520726
806751
1968121
813491
1146584
1100158
970935
1799595
794632
1333807
1865826
1506021
1626748
720454
1026966
813705
1294814
776093
1253504
1299032
881487
1001270
1165525
2059513
796098
1216331
940961
698857
649159
857461
1497122
835927
929176
959316
995376
1403908
1155239
1459674
1270162
770458
799413
734860
1245007
1225678
1501766
1283619
1176925
1373175
1384294
778946
841447
1405337
861571
794324
1124804
814612
1416396
842769
1303792
977276
815510
663081
645897
1028211
787174
1419376
1408346
1104617
889576
745752
773544
1214463
1603988
1102265
845516
733898
749499
723604
1234946
2136632
1269904
1329627
1195493
946742
1279377
1350445
2076239
978442
1369813
756395
1112519
1520763
879157
1277581
1289603
1276590
1557431
586047
1052111
1340553
2865938
1459213
787898
792184
689132
1101417
1117068
1301653
742486
1284038
870586
682214
988881
1100517
1238648
1057583
733656
1145959
1105784
986435
1461667
1663222
1058119
1056701
1381414
698408
887064
1023678
1918441
1191731
1231725
4223371
1129160
1492704
2517297
2542701
1183026
3633749
2098628
1050947
1900339
1235330
3784857
1239776
4879761
3253712
4043735
2215235
3856718
2980744
741674
1028573
1435419
3646504
1437610
2502545
2384640
1358857
2625383
5291871
1247742
1067734
4482276
1970268
1112250
1845695
1603633
677499
1189929
1217190
1395006
766608
1301229
1073532
847971
1274232
2722900
1689877
1208854
1179712
1045682
649587
1055628
2210787
1291927
2380479
2231625
821615
1112036
2534390
1681059
2753740
1580859
968044
633343
1076813
1548263
692131
1328097
1430437
1320957
787684
727110
700636
1690663
1831591
1282259
694574
767575
683365
615318
1346548
1221375
697501
1556411
767278
839977
695816
915121
1408139
627741
888089
1111797
594906
651037
732739
1114867
651505
695021
694614
656458
757667
922929
1773898
676006
727254
861247
621174
897559
3725446
3409935
2345349
2943908
2549759
1102899
1698554
1122830
6633158
1193874
1127114
651781
554179
785037
834409
1638507
1088031
737263
698633
944467
660546
810680
3897162
1084982
1370982
2829211
1349175
1186087
1393649
2121356
3420406
2356126
2365560
1063214
1094254
2307272
3530992
1421776
2338721
4681170
2337025
6372048
1352265
2506892
1274039
820720
827677
675747
2129777
933523
1467746
710428
901772
765860
1221366
2930397
611963
1081080
606039
1156142
1519534
1572515
1676478
1833199
1284999
573153
604939
638920
855453696
619704
688524
1097979
825517
619950
837781
626539
809132
1413609
1887932
1118238
1146836
1073111
1098651
1348492
1105474
2072464
1115898
2832870
1291490
583172
704060
906848
1212756
940160
603556
908331
891332
1011697
921020
1549052
1043784
1313195
1308169
1062119
596112
843086
1911919
1245905
723365
1069966
570185
881079
1209543
1165446
1155384
608878
1245754
995973
696414
1100344
1253272
654650
906968
752947
602175
1177507
840384
1193501
585044
1177593
909849
483147
686928
1041827
1050114
1156687
645602
643242
1149318
741181
1220911
1105647
1145800
1405234
1146478
2398483
1112813
1287436
4794361
1100272
2385633
2503998
2567039
3816867
1528791
2181207
699494
666996
710045
692757
850350
897108
1298554
905898
955877
1611743
1019074
915444
814812
1654186
695017
1043958
1274501
649671
827581
987119
1425162
687384
675339
710200
947282
752952
1052619
1367979
1101234
812887
841981
630916
1211761
948324
1327890
677994
700707
1112199
706623
1616002
601837
1380636
825782
1697842
1471493
2065447
674667
865484
1367254
780650
716149
699959
1346015
699224
698375
1215529
806428
701358
700017
936250
861641
1199719
1507492
684944
1575033
969561
638143
779654
625371
1086526
877545
614422
602688
640565
690071
685872
1867477
602677
1083007
687983
604808
564941
1188780
1100190
777016
651750
712220
551710
1691127
738739
1068435
602723
790714
674882
626684
1579181
710173
1122814
697440
1707267
657888
547390
963740
1662254
1235948
784026
659646
707095
573099
674475
747515
1388242
982869
967761
651608
630847
1102666
2373212
1190531
591359
721934
1426696
620361
662013
744482
1698888
1565518
615146
1653712
1262438
699746
716191
2047091
690372
1223790
704834
594235
1303672
603963
1096233
624696
585166
696610
576386
664464
1218984
962828
580634
697371
672962
874643
597352
1173193
1187878
621004
1153471
1291686
977689
1530049
1181853
3664882
2066333
3586643
2303015
1257248
1116604
1166776
4620566
1974511
3313035
1264480
1108945
1045089
3459602
2361629
2358580
1999892
2269001
2223163
867268
643150
1125351
835458
855386
702276
1587030
1442994
726604
1263147
1099562
1094462
1620359
1139788
2132346
1118664
3584520
1120565
4323795
2080523
1127762
1774725
1158378
3809625
3087255
1256094
8705392
1041454
2050949
2893762
2104512
1114933
1372440
709280
582414
605034
854301
1251070
1006248
791041
1383713
943891
697417
688958
1252755
1292769
1595942
785025
1121939
998711
691823
2245452
1396361
703543
1440747
620388
1333322
713215
5120733526
621845
549626
572257
1366374
618004
678287
1061860
1354916
1348210
557557
1417317
784691
1382110
1569006
611436
598918
609162
837905
1380252
691202
1089272
619066
1338158
1369315
877224
544970
656527
1047862
1275494
1152760
1408696
965037
1276377
770008
1106399
598798
834512
1399994
1086024
597775
624145
1120867
627405
613000
633230
1309332
643313
1296132
1102272
608747
544086
755560
579635
973566
696406
1964638
673166
1452052
618208
655959
779325
1324604
2493061
1293517
646663
1078318
574612
710614
1968508
1146962
654535
636894
668308
651897
611438
661834
1099205
625305
660646
661097
632721
660792
978493
2160896
700822
1371311
713678
587349
886923
1089855
3700625
1590723
744382
807280
1248261
1274533
2241121
5289743
2718050
2336699
1230565
2123063
1736298
1217302
2660756
1130116
1432730
1504623
948848
798032
693788
1209455
1460230
703153
1283230
624794
1258022
1130834
2433485
726683
698236
713053
707639
716646
741331
1246023
1271564
728051
626982
706881
783751
761994
1273814
690611
712492
704033
1038452
2137936
1105540
7021420
1840931
707396
668640
454868
1090790
1202550
2536463
1167049
5653332
3408160
5200139
2663066
1523395
3593575
2260144
1747673
2757837
1059968
2198720
1229137
4181723
1542357
706732
949606
1224325
1395727
931014
1051131
658468
749488
669358
902158
866017
597050
1082769
603806
631655
620665
1257351
840789
724343
1161466
557148
647977
1112840
1159613
1094223
2605468
1939472
3947673
2383861
1194961
1021401
1094250
1102582
1032172
672759
744084
1038355
810043
696729
1451936
1364499
1573765
1040036
767262
2890767
1498609
2245726
3865427
1148565
1165384
1621349
2120060
2717897
1600612
3744389
814966
721085
1074481
651285
710549
834165
1357332
1124201
713374
702318
683945
4585218
1111236
3148824
2977548
3452060
1103592
1607944
1680928
1092279
1858475
1136680
2770724
2296894
2123893
2715867
1070833
1830143
1754655
1095376
990779
977939
1079058
2728622
1877026
955361
4446640
1182346
1337567
1155352
1974549
3748576
2297833
762837
2118591
1123931
1318771
3725451
1630097
740436
615025
688600
793702
1445844
766236
1669825
1217758
1079066
4434794
933551
1132382
2918481
3572533
1093478
3588451
2256782
1069313
1121799
1692121
3769531
1123726
1168859
5095272
2245007
1080254
1097573
2045470
3572443
1587225
1100431
1798574
1117940
1216885
5007719
2428051
2162396
2719419
2291799
1340230
1197871
2037840
1331540
1184257
749629
814946
912393
932292
1545296
1074629
808263
707587
580264
711894
714543
1259556
820200
686349
743374
761222
705340
720063
1139426
6331941
1394923
2346242
1041048
3209425
1056087
1915535
3279388
2682703
2271830
1298958
2468164
2202865
2549573
2053245
2926604
1201347
1908374
3476560
1252508
1831882
1088897
1067274
1130686
971001
1083349
1430880
1804991
5243792
1093889
1686756
2989425
2294573
1028449
1267450
700702
697981
912823
555961
974859
871472
1221865
1024684
696395
954068
460213
767194
626068
1223611
1179750
1084009
655245
616071
616161
613150
2669192
737853
697571
955681
1205120
663987
973403
1102821
904305
911683
1468809
602649
649091
657826
1343192
632005
612831
724516
838076
1508349
698705
2552048
623235
705121
618607
482790
1381167
1657737
1324965
610623
599582
633452
532684
661760
633594
1950282
574880
686580
1030246
870784
1076723
915658
1690239
556791
1095504
700333
713046
715702
728176
1645623
762756
1026992
1078816
649160
707846
825792
1381617
1284337
1582437
897235
559843
1325290
1632786
1529817
1592293
706377
703984
1230211
1088520
1102992
2103856
1180170
4036321
1456314
1076959
2839563
1625691
1390417
945839
821235
628915
666620
1560898
670102
1161318
1167883
1736257
1333789
1529693
625310
1755621
3036010
630992
864465
723597
532378
1367554
1418585
1069866
599717
738402
1996725
773306
782520
699722
2310463
1048436
628014
1367600
1222632
1315868
710142
1099065
1433159
1328646
1258695
700512
648596
712643
1175464
604330
1255322
782013
681061
697062
786721
2441677
724275
1578460
1371415
651673
691771
714653
1247018
703673
701803
770435
590914
710113
697787
1795432
678092
697432
967186
1142134
717430
1340000
2129191
669963
705357
755258
1815292
932828
1055348
1624325
670518
929804
1089286
1605948
669442
687918
1198592
1341166
777445
1347210
992617
699555
1104735
1979248
5775755
1112049
1099301
1175045
1039115
1111960
3708357
615474651
1091852
673603
602315
647496
750397
1253251
679657
1511264
1196045
1328978
819161
1172302
3666832
1096139
1200091
1107763
1549720
1180621
2829137
5342915
1098811
2185951
2277360
1298434
1581019
1551253
2626762
832537
751933
702169
1643535
849170
1032486
1430862
992287
920738
921031
828325
808171
821173
1317646
700001
697515
1133176
1103547
1244600
659664
1752376
585524
993845
560383
635912
605686
652599
1062046
1378691
659206
937499
905582
1025984
1037594
1423932
660337
1207895
619284
678897
1245656
5666582
1963981
1226027
1099398
2389419
988979
1175161
1052240
6392470
1128221
1143474
1111154
586450
1351570
763442
2353213
592073
1007059962
928950
623595
1739175
736518
2131788
754777
762927
745248
5426563
1074080
715936
1396163
688424
1383182
798328
1608635
1896938
697079
1254431
1406464
646819
604616
1058975
1320045
739043
1077791
887025
957553
696737
1016589
662343
665663
1095327
642995
598803
1037223
485047
605931
1417844
1130757
963961
652578
646707
672360
645402
1076350
2604849
1168974
610157
1622798
607631
1527550
680711
1304484
691740
713487
674370
1186516
695897
1578498
1014307
920561
710721
614246
513047
662416
642642
1080107
598501
634530
654074
566311
635908
825559
1501316
611736
648042
996292
490186
941028
626965
1132650
606314
650564
590499
823951
901478
814158
1800096
1044674
623416
643865
627653
613680
1352359
2252110
1015119
599842
625656
1229837
658680
584423
1087100
610215
622617
2360870
1717485
1388631
701469
1308165
709577
1285671
750750
1406944
873209
1002543
1040149
822982
622109
636672
650725
587225
591349
1058230
555614
755067
597491
544570
627020
662934
1033664
789504
647181
637269
580926
1319989
606693
1097787
665330
607921
639982
712019
641003
607505
1066621
585298
606375
629617
498219
1079694
615183
2273521
1192090
603377
1097058
593582
609455
1401888
1424672
1843025
1283067
1350808
928124
648116
624804
1162158
1292397
608137
1410962
494373
1403238
641571
2018742
582346
1359896
608505
589943
814293
600132
1488900
1273227
657205
545711
530280
651473
596478
1109548
529524
713112
618987
607449
703032
616165
1068823
1304929
642855
2336411
1334671
681329
880835
1539092
617931
635599
612379
490429
1390086
1060019
1109392
590042
707896
1397718
534727
686972
684959
1077590
613731
650392
923138
589217
579248
1432027
1348697
1391513
621054
592272
1373798
1376819
594953
1181680
1330653
1404189
1381927
507948
836829
2041823
1010835
602726
693292
567465
791330
596618
608522
1320122
528156
1170820
562717
1202119
714226
1227475
3634507
1201956
2350237
2221603
974644
3679738
1097764
1834380
5482291
1393635
2352100
772511
721806
1045405123
2165726
1312613
1440169
727344
1398900
671202
1226072
1221193
2390387
1788853
1169051
2088293
1944266
2085210
3496079
1240139
2260069
2021324
2744010
1136679
1230269
3817064
1067374
1203003
5190222
2672132
1130004
1451702
2100763
2768441
2013707
1069220
703087
1430880
713157
1227585
992390
686962
717155
499194
758696
1328279
1236362
1390924
1220926
763577
664488
722040
1247314
1553129
772125
696052
684828
618761
1074706
630078
1201155
1502392
1250707
1400099
764495
633335
774209
1096048
1363763
583624
743452
608425
752628
1013827
1166499
1125881
1450386
2752279
1070782
1022634
707053
1849508
699029
1519541
1323875
1091114
997830
822744
1252637
1177221
1146271
2816884
1376779
1265100
2354389
2070614
1090523
1103913
1184042
4185557
1104431
608903
2311765
630111
632336
751190
1390455
1040421
606501
1099559
581603
1119783
885086
606933
887228
747080
1041812
597773
687348
600460
627574
623498
686952
1046329
799536
626208
689318
559594
607153
611703
1142007
714447
736561
611310
1353650
622540
818086
2483066
674259
617123
1010706
523547
1122032
607636
1010774
624611
560732
896684
611467
596304
842113
1127108
1376643
964198
613248
556305
834390
841313
2096088
1120184
1132752
2460747
977247
1182943
1227389
2318909
2564431
1154986
815343
683344
962981
1209785
1557647
1847471
843735
720931
1082780
864646
874257
1368238
979982
770779
944180
574858
1122449
1184034
2347148
1173828
1359600
1234723
820315
695669
668837
1052063
858656
615790
661180
539453
599278
724842
1868994
2465961
861226
1131538
553220
866790
678287
3330892
600338
804315
707608
977280
3379562
2327973
1835643
1359119
1286869
1361631
1033187
1368744
2777520
1869354
1160914
322132142
805303
594924
684977
940089
1200976
723155
791320
963049
653876
1306824
708848
1079725
684667
658716
1417257
1279834
753920
1232751
1773851
712034
1095330
666268
628343
923028
630010
1163638
613336
606194
680863
502274
1125849
606383
967344
780811
666909
877897
509918
967549
689361
1870147
598829
600753
966071
588322
724080
761479
2010940
864159
1637169
1048318
870989
698242
733529
1714680
735827
970253
925004
664692
1327948
910065
9637502
719670
818572
723048
679843
726121
1529556
2129877
2111107
1324126
1237069
1364469
1174344
1160265
2048004
1177908
1126172
2569273
854027
3169213
2283985
4616508
1114513
1646672
1347257
1146724
1199077
3024656
1708553
673523
749033
824689
679949
819689
6403994
1283052
705231
689777
1431630
1383189
981466
766779
2394403
637812
792846
715737
573344
813759
713398
5093817
716962
548884
636644
591293
707847
606334
1101449
659236
631135
609721
601262
1291330
672223
1085951
1391918
605045
564115
1449774
1105381
1388284
2170958
660705
631270
623706
1216919
724838
623712
2148030
1270753
1343503
757386
618627
587122
610253
1101305
671005
601569
604083
1019894
2160164
1918586
2897610
1025830
1911156
2154677
1017910
2111651
2391885
3689295
2720293
2164617
4859476
1100616
2372771
4570573
3706161
981323
1566112
2257302
2743598
1529664
1270461
5650252
966839
1118017
3390853
1015900
1657961
1127886
2170065
1305960
1363015
2280812
2666137
1112146
1116698
4189808
1626492
609287
714335
109720131
739551
616844
2150984
574959
1239256
585719
1099142
626317
604850
1268204
713533
1146719
626769
706224
649623
1062017
1256488
705541
762448
701346
1678947
1243337
3173824
2193772
3195578
1531836
1158997
1045219
2362295
1575286
1755906
1150476
1219052
802066
1212457
1156461
671550
1396768
1211268
659484
606319
970407
587623
972832
1130887
619840
921798
1204220
503582
611825
546433
1081397
682569
1151135
735476
579574
860097
699420
1160988
595633
657255
877411
1190850
623581
1203466
1107154
976536
1161202
1067583
1064611
941089
612487
1059495
809727
987318
677739
456243
679563
686513
1133304
726021
1398018
684753
569134
660465
535513
1437347
945448
642617
1093940
1252276
1284114
629165
1174255
1173050
670809
1155375
546124
601241
677312
1773939
596978
654593
1760076
567820
577975
898758
1280864
773487
719793
773514
650299
1297255
799432
1278369
686197
994965
1065748
1300733
1600655
1064308
4878096
1119075
2211154
2537470
1077612
4387617
1226379
1928927
2812973
2368541
1046320
646617
734115
776801
1307949
705956
695941
769169
1247197
901878
2108324
1355232
3281687
779558
629911
569583
616362
615507
2095553
1363465
1290482
1141593
1526518
666843
729792
1292762
1678799
797016
693220
753229
747326
709205
1507640
903297
751501
1232747
1039722
709308
712742
1248482
760881
779658
780962
1344650
761720
1382892
1237853
1283731
1678681
1322714
2080832
1942211
764375
2574404
1480879
576271
668861
728486
1322579
859847
1125470
524144
719233
602337
595622
1337479
794324
1401971
605452
1380152
620758
604597
595942
679506
993200
592282
623888
1352383
585031
1357164
881425
1071302
581423
614424
855596
569663
613520
703148
1033683
611746
614919
613020
533724
614736
605989
1098365
610310
579478
581842
528322
556385
679712
1099719
1393042
630506
1101093
794785
598905
886082
1071325
652437
1137002
1776825
1251234
2327538
2852914
2115343
1368820
1137932
3064588
903319
2624068
3740804975
1107989
1363283
1323721
644947
515824
1146995
649751
1212062
793714
806959
697785
667912
624932
600322
1140700
1333975
1175832
2855726
2238025
2499271
1500622
1075938
901040
1249515
659102
569472
706710
1322448
1108617
1196933
1224038
1110505
2178079
2150080
4851803
1918428
2462437
1448361
2425486
3717060
1135727
1113289
9844889
933008
597376
649557
1332774
628779
702595
1402115
606335
610867
627996
565609
670778
757531
1281259
1849300
1327778
687475
675209
991917
757351
1265936
690289
711416
797248
1245145
697237
1977715
1235823
689599
1329214
1339963
946012
689652
1328370
1495435
684883
582406
655535
573102
1470245
660280
1096228
589725
4984361
1223824
514240
633753
815129
1078777
601371
631069
618048
526110
556344
597326
1082456
1434221
1363204
1405521
561644
1190817
676101
1445774
547221
827001
667035
916841
1331017
895455
2153956
770635
830743
972906
669683
631395
667085
1133213
1007119
1929655
1490827
967004
1280192
7650470
5155378
2239054
3542903
1477956
822428
1263097
2855944
3674511
1851278
1096286
3435708
3204551
1120905
2760552
2393371
2490095
2662702
1028612
665221
1637544
1126435
1338623
698163
757484
1187251
763374
1717066
704282
1193195
613040
713976
1275958
550957
740480
870729
1420265
993764
744104
871097
737541
701323
724830
1211809
692330
695365
828160
1063926
676337
763368
1210820
660956
693091
906432
820222
665577
704287
2147125
794659
691183
705075
843099
742881
700797
1678952
596123
588772
620900
450023
883116
585012
1166486
547498
601632
610307
1014944
912992
832314
1167885
1303010
1212216
628356
636790
573192
814703
1191507
639725
656168
1305578
1163612
647148
600987
2134819
1701633
5111308
1813513
1558126
1310798
1125440
3763797
1412392
1752659
5322938
2064312
1098819
3093922
4165524
1111511
2046672
1128622
1493194
2735518
1142910
5802441
1178460
1092579
4480154
1198495
1099481
962910
1378491
658618
960507
882971
699438
776891
975883
1248166
830396
1081702
1914292
2334167
2563367
1099468
4114638
5532899
2346554
1170896
3001390
1076017
1007265
1838039
1058634
1365031
2981518
1084066
1104864
1131365
2087367
2733407
1425314
1364871
397600253
605072
1137043
1486283
634957
1257891
652013
585093
620173
994361
1124550
859910
686599
673481
899474
1288150
6887538
1086528
1143304
663899
664937
1131406
2945369
1120687
3392596
1101915
1199043
1293644
1124374
2358681
1091996
2005145
1020365
628843
750394
968195
628691
631197
1910003
693831
952972
721007
634936
765538
693538
1867958
623432
636685
1107027
585733
903572
619052
1113641
1084136
952216
588253
1130392
617470
711051
1046809
657622
599726
730874
905737
681250
1305913
1281203
944998
1291895
1329374
1210551
817576
655654
1152963
663540
642264
679473
599521
601964
1275287
1112720
875161
1116241
629434
723197
1081747
1194095
1159649
1233417
1061168
606729
594995
865879
1198312
1131557
1170252
1131214
1683296
1036426
1220702
1222550
1183246
1445960
691975
661153
549809
737747
1052142
1091098
1410099
588899
3209647
2051717
1858067
1138167
1779698
960102
1018396
1230062
2868082
1229810
1527238
3911712
1326643
1102223
1107212
1362214
1202114
1245757
1870956
3854088
1122143
1146531
1132422
1825030
1366098
1615586
710156
785543
769918
1273281
832635
1112415
1253556
2771278
1138101
1131537
1095445
1150263
1221845
3763044
979323
1133065
1477988
1163760
1335635
2585470
2124981
5063339
3203734
1350796
1623382
1121041
1155180
2361069
2153402
2977525
1116781
1186683
1369296
2397871
2146401
1182386
1891415
1887388
2213265
2323150
6086012
1866284
1622881
1782800
1597782
1982216
1184653
1301043
4327732
3275333
1231565
2795931
608378
820223
1331255
1279299
736227
699497
1496587
840511
1422735
795427
1235869
705577
690764
730636
558311
738149
1358600
1326611
1306984
981743
1288441
770253
721315
722323
1363628
698902
1306518
1419820
1359065
778171
980990
2287757
1312277
1290752
776483
690262
1084430
1076534
1303177
828480
857935
855116
989051
720891
760187
1373080
937650
1578827
698816
1463652
687315
1642538
1862013
1557143
702580
2335127
1004146
1836759
1146634
2306566
1119351
2481821
1158638
549698
1025991
1530528
2449953
1686790
723910
710365
1295554
743840
699510
1654033
633666
706548
1462805
580410
774801
742125
1098234
585690
1647877
890369
1284058
910138
1164887
1205707
1077922
1099176
1441755
1370334
1476658
2719915
2106141
1346109
1154377
1112052
3029275
1209737
729425
3022672
705133
735499
685612
683571
777729
699601
1446962
796014
727525
727208
1202933
951617
610479
1973421
635132
894410
1971225
527423
693538
673864
1220404
1383979
1309006
1134413
1385327
1167353
1117390
1838932
2727440
6600630
1549593
588552
634252
795830
1414683
640314
700347
674515
598350
882599
870628
1183002
658005
906646
1399524
1020746
599250
931683
1153811
650549
685481
1214996
1234360
658129
1367811
1593013
507637
670533
679095
1208748
687203
763385
1077476
597979
620802
608587
642350
655124
1500843
1418886
1179182
595552
618183
1419974
724387
612228
1277412
1194499
688126
861199
942666
635972
628497
1622703
646739
641081
1141317
2761770
2170078
1665499
4013323
1077532
1528415
1401618
2132905
2840804
2167808
1843779
1488982
1619299
833336
644977
708199
1185367
1761126
596206
1388476
654464
627532
635137
744037
1524587
596559
1112402
832503
440446
627683
619725
1085319
719673
1867054
1227395
962808
1090023
804902
1184508
615798
1409088
1092352
518799
646191
738278
1145040
653842
655470
702905
924531
1037956
847399
1243302
630742
892812
898161
613058
706911
855379
1101016
1305431
660965
664725
1581097
1379893
1368263
1086499
1088663
611995
813403
1068902
651459
1168207
1150849
1269884
692967
1207442
666898
695334
1357133
1281224
692930
676953
1287767
1319948
762738
663419
2190195
686079
1299160
754875
741041
689474
922206
1231263
1361781
704638
770793
687199
687447
720778
1641199
828865
736518
1172822
551040
968248
1288662
1248326
688281
747085
775239
695830
718098
1266187
1722625
1478134
696846
680591
1316442
769548
662225
2158969
1343166
1226052
815926
852604
711822
702276
1211621
1339054
1354026
1256756
1234910
3220508
2279672
2291292
1152996
1348764
3696394
1157917
1403700
1301573
1854904
654615
1099972
823088
1761236
724791
1087067
1472157
2008526
901243
1080863
788554
1635035
849511
1310052
1185758
1038743
1549442
1944853
1405229
1269741
1763269
876089
1140909
1832826
1038953
1676076
1121634
1849222
5372238
1407320
2277756
1132040
1102378
1401423
1625997
770488
724896
1048086
648052
953637
1088941
1237246
1418897
749210
1094813
1044357
2626098
2847700
2076138
1101413
2165826
1228505
2274210
803581
947146
1244253
685461
976262
768879
1261946
1747390
1014313
1424218
1228179
1283850
1244496
785085
668747
678657
1596743
680725
927539
1171701
527716
708399
749478
2166961
856865
683917
681157
713740
1311848
767995
1259336
686824
1807231
725724
1178717
723589
850044
1260101
1331861
819255
707163
683306
1725165
741907
1316028
671250
757573
2306255
695175
4923758
1288328
2322981
910081
763255
687801
678794
671772
1377969
1170115
699961
1427345
707306
2214644
698848
890041
1531215
1449419
1245976
702773
3090037
1121416
1367532
4937496
1079353
1172384
1654515
919340
1314388
1111324
2699366
4261291
1098396
1259575
835220
1199412
3135054
1949078
2090495
3090217
1964229
902121
621289605
1884889
1861199
1392954
626730
1078723
664701
624374
1191337
1084264
593696
1426635
1965864
1086335
6440629
60629991
1190943
642359
1450198
681826
616528
596076
1476862
1289820
748569
926402
791416
679737
1365097
1068127
2371023
623803
1375284
675528
530051
788477
1203686
1713530
697672
1584979
931390
799619
667185
1316746
1320752
728775
1547428
1261594
674081
763257
2300387
1388170
6073124
877701
714664
682874
1425367
1740324
1349575
1171814
685110
1748768
1984996
1282017
1330485
2242896
705353
1195548
1641472
1369899
2382248
1197026
3814171
1081039
376272073
1167814
3950739
2067893
625708
1061408
1013251
677422
1429967
816723
584916
641453
1148558
612939
604975
1567593
604258
1326166
645021
1088296
583728
702317
735186
613890
621094
630893
2739610
567347
1428736
647644
711376
626352
776927
1081052
617786
909611
1197718
644602
594314
1412617
962587
637927
771483
581392
521086
704406
621715
1049305
651857
602347
623604
573969
584390
586172
1062083
617647
599768
659780
582480
670168
690508
2447271
623208
659684
643184
595445
613606
1315005
1077485
647501
610632
1099024
1135384
2361018
5988637
4279983
2215696
3460181
1099679
1274028
2157387
2512309
8167763
990262
1105923
2984121
937315
1089362
1098886
4594929
1930392
1093456
1154531
928697
2821641
1096704
3651179
2425971
1128832
1287883
974826
1164419
1478490
3826335
2346419
2158076
1977806
2120797
2208827
5753661
2184134
2258113
2994356
2208004
1117762
825551
657342
2219679
879512
1527236
786287
5076041
762940
658201
2186679
1284143
1417583
1404381
968797
1360444
625852
2300793
601268
1559394
1248668
510978
658083
2240375
6525557
4700248
1135110
2245751
2881798
2605621
2529934
2045492
939214
1071550
1109806
733657
691596
1144624
1250926
672671
794077
687391
881583
671503
730667
2029200
631858
767505
630949
569693
832798
759323
1546013
711205
622925
705700
881423
707932
707723
1244909
701139
713425
676884
677137
708834
710776
1461849
728935
703880
644968
440515
1269056
655573
1464736
792362
891113
737230
1469249
1020102
1166576
1109278
988370
697539
655756
1089517
1024372
735152
1119392
628046
620688
679786
666693
1066576
969735
1114286
631736
642115
690125
469099
629515
761886
1840495
652212
1345080
639927
594034
821057
622597
1076789
616147
633885
668750
895521
729826
816247
1277022
984695
622765
984654
593377
694339
883082
1247016
2359399
1191343
2777816
921696
695731
1269976
1178018
756896
1391440
894731
709019
952962
774135
1187132
659450
744804
702587
534861
1369269
1133808
2006733
1298689
4018621
1215799
2237798
1084101
722806
1892805
1227138
1269981
1400981
1483187
731532
1140181
2201744
1319223
3005150
1126516
949784
2878559
1260125
1974279
1070379
1136425
1164238
1065040
1194426
1216692
3116116
2369469
2834572
2240097
1097881
1130355
2253757
3657974
737771
1121164
1148299
2323419
1424922
2692517
4819667
1083977
1117782
1378747
4862672
1363165
3552775
5826173
1207506
3209081
1258365
674881
1098730
1013522
3291478
3683554
1027926
1988505
1079482
2257797
1230954
4108376
1092045
1098173
1673119
2605684
3129512
771884
1341162
1134271
1318826
737239
1226290
1617900
1328350
1892634
640877
1291372
610499
588038
702225
778786
1232556
1534640
1384466
1195647
1238361
685118
736110
1201974
1370497
1457385
1164129
728362
723343
719597
1106136
678900
1753231980
1023648
637716
1079828
1157710
4423115
2291336
1368591
1090643
2634423
1209342
2505271
1962726
1010843
1095797
1083906
1246080
748589
767886
1419538
762267
1470953
756038
1265078
687087
1248684
4720774
1314876
3102637
1011834
1062069
3043753
1117025
5135046
1438860
1107786
787303
906134
1525573
852132
1318097
556791
689513
841083
690936
744526
1495749
1254686
634562
847865
636377
2022736
1120734
675535
1118737
634244
1847088
831233
604284
670976
687225
1237153
574543
686403
650574
615124
1170952
625970
1093196
1004152
1099543
2207502
3218594
1920456
1622825
2068900
1055319
2017877
2121221
2252698
475383
632541
1090161
1376671
1343192
901456
588558
637946
1149762
1416646
680493
596186
628905
1159794
251000565
1135661
3344815
1100045
1291746
2058669
1990937
1220227
3154028
1806782
1493761
1060499
2242914
1106098
1340491
2153053
3520802
2281937
1188144
1136891
182325291
683551
778026
1119283
600002
618415
755255
555543
893654
612411
1185012
521532
658511
614204
845794
602113
1139593
1097687
591141
670670
859191
441284
684943
743417
1082050
593325
1413237
778493
726886
597388
1007275
1008412
543477
777925
1336300
579426
1340820
681827
2129350
803479
996736
836896
968465
766420
1081695
2111707
1951320
2070570
1116576
3874951
1213960
1231209
4318956
1127683
1103227
1098260
555932
959233
754678
1298883
1417384
695223
684753
672066
1373049
771236
1152963
1447212
944570
971601
636449
696227
653547
1440576
645959
737424
677737
720159
640891
717202
1187910
1072585
740049
768149
597089
3024504
732207
1318533
791156
1323872
686398
579276
669635
682665
1168480
604841
1092988
763651
1096513
1241982
664408
1181362
889281
1027697
759989
580540
1488213
711772
2157824
585848
695700
633176
1516949
1608884
680723
1857735
976303
697552
1162348
575325
1228719
841537
1252639
655344
693051
2019783
677280
713487
690005
2322946
605031
1530901
947741
770357
1322241
762566
1171997
591784
775842
557769
592056
638039
581931
2599259
700020
781492
636136
475552
702229
782722
1183331
623472
864548
782236
1426634
1268830
1162239
2110507
5366250
2212755
731178
988406
733197
1198547
2574954
696839
1517915
682970
2155235
1250716
707814
1693033
1533760
1250193
1353777
1231070
682200
1098247
2129004
695897
776865
2659887
630262
1134646
707819
1386603
701487
1423754
698621
1370023
760530
703377
2112403
696701
1358851
1380754
622167
1404746
1325769
1214333
729338
685709
1057854
549359
1338957
851677
5457970
1097135
1241885
1223662
2829509
614116
621042
1415045
595414
689100
1345691
578789
1354148
643528
1115812
1512507
1233160
1012671
647399
828279
696399
1248444
827324
1548885
656871
627159
891322
1847582
2172994
3949877
1110033
1584513
1145688
1213513
2225586
2142226
2554793
1457127
759014
1181013
638166
635107
108084480
833424
633059
1800990
1524216
647532
622781
1041560
839943
600160
813238
624296
620146
593719
1105534
746042
627034
645588
552731
603089
1406533
1270294
7386488
1130696
1300745
1754863
1031812
1125032
1970001
1292492
599208
961544
1361629
647506
665889
1605906
587869
1392667
850406
640957
801990
4326518
1971670
2222941
1323282
1150072
970729
1847435
1101382
3504088
1191777
1122859
672641
517500
693044
727059
1533958
640163
684351
703038
625539
611653
1402966
1757949
2622148
1136371
1117485
1154459
1190258
1154304
2188919
2118166
1175601
2203815
1021651
1188885
880263
1214754
648277
673582
749223
656718
729555
679118
1578556
1394733
2340920
2860561
983067
1123386
2837700
1891449
3897100
1137679
1235648
1050721
1853300
1149369
4786216
1162424
2165266
1224377
988585
3591542
2144379
1917164
1132841
2378653
1151851
1443508
1227579
1212140
1803060
1063280
2546408
1027745
2332618
1116302
1002863
1991526
1121119
645423
648749
1300611
1293076
3041142
1869158
1230990
2351654
2284543
2497301
1098184
2760423
8172748
2280873
1073266
3017698
2568928
1219493
2250177
2022016
2924394
650335
1349896
459085
1347666
650395
1145724
612831
636925
629351
593160
1361406
631312
1258063
650845
814233
647694
1398525
1249509
648295
1315269
727609
2529582
1190791
1547589
1181454
1158775
1896770
1259003
4736561
1148466
927632
2815751
5245269
4462353
5033770
2296953
1189109
2358122
1098563
3050120
1913728
2616655
4087455
1686624
954991
1248476
1157439
1857761
1145977
1197756
1154819
2128758
1252961
2987774
1249796
1315548
1023283
671068
581765
1514780
649817
2242448
646079
961421
1466746
811395
652371
1255759
1275375
633370
1326924
1109762
3159856
1207503
2308024
4095559
1101401
1027873
2308785
1184088
1560755
3126057
1938172
4526127
2038542
2217302
1001651
1125833
705561
2084242
643717
993665
844225
2644350
2184160
1084287
3477726
3960970
711907
2191117
1087477
1036275
2212326
3855969
973771
1023675
2276117
2171131
4490816
1126780
3128924
790220
720818
766891
563807
765608
690162
1314215
674972
725559
1757735
2544719
2102112
1075776
5840316
1166745
1131543
2260946
812381
1220399
1936497
1931216
795388
773277
875740
600845
1141433
755300
1637069
945806
684933
1436197
1010655
714720
700947
1271994
802748
1385796
684005
957519
747050
751265
1376946
763818
554126
1291041
1204908
721628
709535
1837454
684162
1201153
773393
459077
4496275
699158
1155694
781691
698821
690203
1020684
700010
1011326
1297186
1291426
715402
966789
2210356
1088245
2786550
1874223
1347047
1146920
1523880
1689152
1115837
1089245
4209848
830562
965605
579350450
611528
688009
750585
1399901
1836953
1075935
699611
1328264
713301
711028
1274337
721768
727136
1086834
1229384
3048164
1129947
1839571
1083094
1091346
1998885
1111627
1027376
1235480
1861857
1642754
2817534
2094371
2083790
1090862
1110835
2276821
2820384
1467433
1118632
1315096
1076517
3054454
1825547
819698
1184956
1269831
830903
1090936
2088462
3558822
1510908
1064005
2752616
906086
693180
1083906
1101358
1090383
703847
1006242
2545427
1591912
1234432
1985131
988854
1300888
2573119
790960
1148841
1163242
1404485
689589
979820
626197
602084
996432
669391
1092458
823740
796680
672366
680646
672714
573979
1163849
693501
771284
764255
578271
962419
668117
1348984
628790
692213
646519
660043
709078
636673
1527818
943057
614031
650574
590726
624980
642377
1166073
697493
1637286
733461
634781
653296
634487
2091505
1156593
1097159
1086945
2780215
1087053
2811843
1996838
1080070
1159149
1100862
558651
747836
824267
714339473
771815
1003326
666882
858547
693244
653170
1101170
796722
1010981
1503366
528107
943747
691289
2361512
1015056
617129
686835
664174
1728835
1084817
1900220
1190590
2832378
1096147
796428
1545374
1705895
1922195
1111167
1166724
1663131
2146395
1149363
3329836
2387574
1162415
1194307
1153735
1064171
1113210
865357
1231483
1094217
1155389
3040529
1143638
1745692
663338
1242558
607524
1162889
1108673
1037529
694682
632292
1512377
1566849
2593357
1431127
973005
657292
657868
1116850
963860
865096629
640567
968725
718613
724280
2035404
1586193
2268830
2286347
4416253
611931
677333
1084987
589535
592155
1216558
515613
637488
1200048
1860894
2140521
1229708
1146541
2627502
2827119
1078159
2099896
2055453
1163618
2814613
1017792
1134197
1876484
2622214
1090676
1186629
1149022
1939526
1140372
1143198
4040618
2799660
1187456
670576
688726
1719297
1306284
1430605
3092530
2214088
2994793
1265754
1233512
646096
1074547
1458789
675157
1314168
671930
1487029
1085194
1915588
1206452
623964
643179
617600
625526
566857
1517767
692188
997080
659219
1419424
666833
654957
1107927
3290843
1106604
4456556
849236
1055154
2639334
2038335
1156432
3374568
1116006
815207
618038
718622
1854450
618593
770106
1366901
533752
915894
783621
1938477
694777
1089931
1325919
2713344
1183952
1360576
3602249
1169100
2575083
5232748
2408976
1209141
3310216
2151058
3224140
1298854
1797912
1505008
1218957
1277746
6516547
1094738
2311602
2341626
2086439
3017033
2165832
3505976
10609854
1466934
1163064
1882594
1135130
2212432
3939883
749999
700525
722157
668905
699756
728565
1346004
1200594
911586
682067
850437
620533
737756
1125026
1083672
666263
1249460
598402
718623
653922
1133937
663880
639455
1369860
533797
824433
993600
1246531
746214
634396
657953
653674
740311
1144673
3876306
1100511
2173520
752067
648795
1415921
1470137
2046069
2962919
2171184
669151
779004
647783
649443
1093603
653503
693531
984284
621597
629852
668655
1115454
1311540
1429912
663506
570504
733150
805179
1093110
588910
1462839
1383973
2257386
2801390
2436453
3304819
1089608
2073153
1113398
1707591
1140023
2223807
4003756
2023748
708605
753399
620026
659126
905647
1059297
656308
651792
673582
632073
660917
760390
1315532
777164
1455307
1520722
760203
1474941
697832
1133667
808841
719634
862344
892866
1588147
5041231
1098941
662855
767915
663152
626746
756978
1117319
2028920
1354877
834231
716451
868944
1179124
1140110
2088516
1022589
2238433
1103928
666473
630391
759974
1080496
1081960
1404534
1220188
1424472
931311
760601
1192069
877111
1359523
798896
1353161
722917
678033
1331706
1524532
1783228
2330385
896436
724299
1028034
1314470
797393
695235
739351
696567
618079
700720
1801819
1252799
3227632
1119304
913949
1180769
1185274
2000540
1226581
2339970
1726547
844401
1447518
586638
1581194
599366
859283
582317
672719
583346
1161676
1175069
611599
1056966
1105008
970079
1164586
2433454
1904437
2858565
2038472
1160467
2934014
2440304
1277206
3623571
544790
1170251
649664
615706
857597
658101
1173188
1128275
780184
1345808
662256
631893
1223393
1240668
803236
668070
662770
950333
1923445
1082518
1526462
766125
1101288
1203005
551922
589327
642420
1292304
606089
846599
566671
668059
972326
975591
2123996
791106
698584
691770
1053184
890469
797633
1354093
1229871
703725
633871
454537
598559
977512
2878049
4070833
1188491
844788
520896
574153
657834
1249253
832824
1077864
651657
1072632
1442000
1069723
1243331
588930
626101
817413
1298463
1244554
2152971
1221266
1079907
5764842
1053206
6109489
2445437
2298357
3388381
586890
816530
1217314
779489
936573
684583
1312166
1397317
695635
700180
917684
846249
1213862
1316750
740769
749980
689123
658436
952357
844112
1601736
942745
389588498
2288308
2147499
1474128
1560616
5246596
1116738
2274372
1283799
1066609
2066528
1509684
2043833
763121
1388898
638299
777554
1475367
668391
1072644
686371
647697
1424790
1356837
605321
775159
1080131
699980
671806
644221
597676
642670
1390971
1021758
535379
818474
641661
557779
684928
662611
1171425
626576
610529
641959
610803
535604
595543
1046861
547463
654278
607431
788612
1133847
1276731
1121589
1273161
620560
711612
571416
1446987
613928
1124765
718559
667792
611472
533579
558378
1318953
1129146
650622
764939195
1436810
589232
616054
643157
1095322
584437
596426
754597
534644
811033
818867
1165329
678961
1127077
989011
497317
595806
671973
1106051
569591
1454032
637369
538138
582802
586221
1019982
648808
1126310
676209
580032
643289
676125
3230755
5045278
2936736
1150529
2313404
1169797
1099386
3730101
1086771
1316806
722698
551465
1553467
1251086
1725244
710313
692006
774395
1200276
1296794
688700
1640018
769997
706320
708407
1294973
700973
682583498
1736837
706311
692553
1261428
1301872
1124986
985918
1207655
812290
1502232
869186
728165
703746
923528
1011093
623657
671480
612726
831316
590503
1379741
1068412
636404
651427
694410
593111
591828
1443462
1089786
556993
601882
602468
882212
602454
647308
2111607
1638397
755636
791268
567749
736019
716019
1275581
822463
1128742
1121806
639905
1000961
1964697
3638754
2057454
2233998
2252875
1202461
2735735
1937714
1949607
3781436
1082263
365016575
735563
2920376
738328
1057561
871861
873598
716233
569325
592715
677146
2209345
661664
1137821
1108057
1071590
974608
772575
1933392
645522
826945
678386
641435
1266150
1488975
2226868
915043
681950
694469
1519090
741873
1477539
1365528
2601571
1225974
1070072
992506
1070051
3073665
3716774
1083254
2947430
1101040
1057703
699252
1104269
1272539
864423
698187
706696
666260
724558
935197
1417494
576593
1427437
814925
609972
754200
1471967
1032054
1206952
1078542
574463
579160
611234
638621
1047559
602114
582854
560276
564468
842968
1415110
1034493
1542932
1114804
867689
422428
641424
611618
1104508
1026237
695233
650398
583343
621810
1475062
1417695
564340
633128
728592
1962324
2108731
1552121
3419022
993764
1221849
2482246
1058666
1752380
1091476
3545715
1414413
2270857
1087090
2193810
3253534
2180372
3114620
4693595
690415
695300
646000
1717997
1302611
1271759
672626
690360
769574
678904
1198270
1336038
1118060
628878
657835
615738
1281213
609949
1391352
1099011
567133
645096
660231
621054
653384
611195
4821848
566522
626479
1303510
673088
623595
633898
3312620
1061521
1090237
1228221
2721617
1343887
1140671
4112100
1041879
2172398
1209783
1082957
781647
1363786
1939918
657455
2131957
740609
1614861
1339889
1687014
1190015
2349814
2350348
4341743
2616478
1067631
1126861
2100772
2858826
1064186
1284276
2361144
581936
3583442
1235615
571616
894522
866553
560953
778659
1066276
1239666
577234
566795
599997
624498
578853
778541
1929698
1225780
4739926
1087596
1076232
1139754
1102932
3050856
1535326
1092776
1124660
809601
1080807
3922523
3585588
2454188
1103963
1144994
743759
1069908
605447
1192807
1069731
1466637
620425
586969
666507
625904
2032902
618419
826939
940976
485524
603658
621786
1105222
599397
699407
949586
1125910
2616693
2830255
3729595
2512764
2018808
1487127
2944874
1217267
1164455
10720479
2115126
692844
725245
916632
1166121
2448550
1831025
2881153
1063834
1104481
2316847
1280913
1373479
1859987
2794956
1413092
1937866
2049337
2804484
1062715
1912653
2518270
2145479
2483305
3116781
1006089
1201412
2075771
1124066
3067644
2230325
882700
1214986
2311633
1887164
1816640
1050954
996622
2122835
2435526
2636024
1788671
2154358
1082995
1113198
1319708
810518
627234
1233999
826038
631008
686653
708156
894032
655578
1311886
1176061
609320
699782
885963
988311
987762
1145842
593290
1191612
1160301
621791
1104613
603084
1103414
675845
737612
1723558
482409
813421
1179920
1123536
526665
657811
728926
1230868
4234795
1121976
2288528
4951995
1087668
1075958
2076605
1926348
1087676
1211992
1251813
1050591
671595
600404
670113
670527
1448309
629254
667475
657449
858980
988996
761935
2365215
631890
1512994
833252
1309078
758384
682793
1207273
760714
1250307
672197
615789
669390
656172
1257950
741464
652910
714924
588713
931153
748662
1339992
665791
640861
1288339
668031
739224
662561
1444503
968370
2663278
1067798
875365
2432268
1061208
1930184
1230194
1076600
3637240
1176230
1215455
3070462
3983730
1090118
1043044
1216953
655255
909319
957430
1171873
653556
657686
753911
866365
3199097
2884841
1802939
1067875
1159212
1427150
990805
1074877
3599718
3585964
728671
999724
661483
658431
1278588
1310932
3647326
969426
1091467
2881478
1165020
1182634
2889610
1934787
1173189
1091393
1100690
2693136
2102129
1169863
5545149
1035136
1064226
3120271
1545666
1164072
1616991
2060703
5812114
1078637
1262425
1008631
2030648
890644
1857962
612905
1349462
776529
1323792
717412
595133
1106147
1079079
639135
1009948
504282
669031
1034523
1213437
737266
624061
1326801
593414
614700
770609
867207
658842
757950
1385123
599011
1261609
682705
1855162
613168
652889
2239639
503429
659289
756321
1347128
661557
654441
632592
1740065
1583388
1283914
1131575
558448
789292
985851
726685
620233
727925
1120858
888171
653350
774617
948401
1210861
662458
1382053
713695
830337
680955
547309
686367
4360044
1088538
595078
663084
671320
870545
750525
601088
1082181
1186184
737574
635280
766657
1077555
1120212
2397908
538185
1258404
746880
472139
795042
711705
1169820
578593
723159
601680
1324923
1774656
1983201
2143665
1180168
608366
657583
1440259
892200
639111
1167089
844983
749898
704422
530191
670138
691562
1066074
1030397
654396
578840
513010
563685
600882
1310603
669944
650664
700402
843772
731044
639137
1086991
1524269
1093958
693976
1194072
2129191
1107509
1873069
1274876
3090173
1067118
509095
758531
763029
2086426
1427400
1112281
1146550
1483763
1307480
713703
1016123
633786
1196748
515866
1799385
788323
1030970
2129068
663296
784102
690950
635355
917329
659633
2355833
926287
641416
653803
407338
566337
614242
1122370
695803
669978
631471
793157
2470860
2939185
3742866
1067046
1103956
1229879
2814367
3991752
1343796
4175914
1103230
2597916
3198544
2469005
1242893
1374725
4895994
1070593
1096488
1067215
3045431
1943054
826504
1046275
594348
629731
980784
504048
703294
681502
1072915
589253
1090308
1066821
3733684
2678526
1324972
4808463
1367267
1510849
2047640
3206046
1468089
1280135
5140717
8082408
1158243
1179588
1069508
1082634
1092447
5943261
1117589
3264156
1136317
1113212
1914004
1123351
2003485
606813
1191179
627662
879478
837685
2008831
3575177
670080
744997
805871
887051
670479
606127
1186585
586777
650604
722564
626098
2244879
8074298
2376632
2193265
1209869
1215330
5192988
1198585
1391023
4727799
1870157
1204070
632753
1190088
721122
1579360
1280718
595460
629044
581820
1582228
1175726
944854
1146963
474635
607486
3109899
701287
697332
594106
1197670
875517
792987
730257
980591
574778
890379
1342469
584127
952402
1125285
2003051
2912427
1106653
1431396
2917933
615584
616173
588336
869327
913827
1804999
1184492
1080400
1167381
1441951
4024910
794678
1073939
855237
901627
708487
890504
619230
608712
1064637
903081
697112
639217
501144
610334
740787
1233794
552777
1307580
601433
1666310
821917
572941
3968280
1228922
3073118
1097475
2165649
1237076
2257066
6112108
1382913
770618
731454
567333
1073685
640886
1350938
2569525
1075910
7006271
2214026
2184734
3001882
2065131
1560710
1482682
2331643
557828
1165529
1152708
1799967
479456
653355
679903
512057
1164386
1223238
1781745
471222
645736
1318073
765141
1282726
628704
1023448
901962
1099631
1132061
1974750
3100783
1572079
1810687
1047302
1166352
1199356
1094475
1045311
606749
1993053
1218240
1419097
3156980
1057599
1261724
375504665
1670703
773801
663554
849314
998746
1250840
1607006
1847511
1067985
1078941
1229644
2899206
1095598
1399814
1214898
711143
700434
1136639
662577
977585
910148
1758853
716987
1131605
1266295
688796
1460033
681104
2424495
1253511
731645
1288014
521159
640387
682925
1215469
882690
704720
727124
711753
735121
714652
2142178
1286438
1258200
708029
571413
4277005
1098532
1985482
1067061
1120398
1289071
1021763
2353395
1143417
3518519
933954
618376
643417
721427
697073
637703
1185489
614155
635679
775929
603164
629639
1257689
1146620
754258
1284787
755072
616035
1193542
1111605
7617441
1165359
1160630
2920667
2138527
4027271
1672096
1809222
2865939
2241841
2310646
1067542
651466
1095999
3792624
1019524
2620168
1217976
665470
2739885
1390602
2083131
1129680
1128664
2247723
937885
1473661
692697
1471874
654008
701977
606624
1349953
612955
614892
1100840
1313655
984270
640634
1002837
535077
1374663
1279477
1382584
634489
967689
593103
1808337
670966
1085580
1173045
1065943
628510
582800
642192
788833
1145957
1370646
1280674
659317
467970
815993
851263
1153662
654232
651131
662198
501235
638250
1379304
1744951
2043269
1079016
1106195
1073596
1834658
1108945
3954560
1956251
1352838
1318993
1532036
1186139
2138377
4148437
1001021
1136881
1733219
3203111
1092335
1206251
3742947
998163
1179270
1221084
1796876
1050616
2246498
1998222
1071701
1230526
1080694
1205037
1533267
665736
1147424
651764
673602
816143
532079
662934
1068624
2118717
1256452
935852
1139408
4353552
1112662
2115429
2033336
2053621
1711994
1113525
876987
2877523
1232688
2232448
654628
1398747
1353596
625227
682513
934288
1884265
662398
639592
1216809
605704
1296134
604087
1143555
605235
734059
807585
1363897
726897
628791
1078115
640966
618105
650214
558647
706749
642442
1220553
606327
1306438
628553
701019
735749
632653
1892633
827838
641372
651952
1275993
2222230
1296293
2128753
650469
668585
727369
584915
671928
667471
1127709
696710
676796
1355834
1250473
680433
1791327
4040424
1040496
2249729
2997038
879399
1086990
1213083
3460760
2700498
1089156
2124509
550791
616530
670343
2114274
587247
632993
852205
1840717
1301349
623900
1344445
710747
1363950
646719
518870
630852
650470
1245796
605794
608605
553970
539025
644889
794723
2347311
583781
671808
904052
651933
925178
635565
2005216
641075
4474957
1347893
948715
1066516
1125088
6012987
1801203
1098619
2242217
892305
1130922
678551
1195614
1308121
778600
765204
575697
782806
720745
1540976
683745
1226725
1680624
1296250
1250255
1086096
3531158
1099699
1242581
1147227
871042
1086903
1102197
4228707
832662
1357811
1203565
553941
678833
704902
1190217
641397
1275885
758010
1068288
4102945
2187891
3169335
2931840
1065618
1813921
2087492
1055932
1192975
10431727
617916
628777
649265
572497
633204
900012
1252562
646174
671516
1408844
1544823
690255
1575610
1531808
637672
587090
897873
632676
736262
1354286
1301433
616817
1336551
688455
612836
758275
1171108
1370309
808383
1222295
1236443
590374
1288901
687871
3004558
2183786
1147159
2398314
657521
684321
670036
1244140
890540
655511
725643
3072455
2185445
2158554
6817261
1044562
1110264
1090600
542056
793857
1364127
1255188
532136
988190
665537
648874
727146
840015
1300722
558337
688277
658131
687495
854618
635420
1162034
615811
641665
638940
997266
758367
659838
1249375
616082
651553
697703
628857
778842
624036
1294857
617679
642648
904917
567281
710724
900993
1806657
584706
910989
1056480
566283
767020
750259
1051633
596167
627197
559528
589456
618361
657234
1393660
942545
584723
697450
493682
1062632
580361
1091256
570824
786689
726215
1846940
582608
1383569
2204687
589159
616965
1286504
602372
1485449
950164
1930736
713206
600079
637750
974748
590306
1073851
5311794
2322861
1249426
1199266
1051753
3065100
1097992
1991031
2245774
1072631
1218935
1622357
1101598
722100
1204051
1225882
647917
692489
586089
716784
1198475
1794800
1351443
2032478
981912
2060474
1481881
1537683
1989663
1147383
608667
707276
471483
586204
1356151
1193051
1032368
605265
629163
1225854
579052
635907
1335212
620010
596587
590689
592325
629302
729082
2260215
2059057
1311741
2662917
1028586
1072977
2230211
1796877
1436127
691317
711005
1022239
720336
668061
696397
728129
744209
765812
1040176
511002
588623
865859
612528
704877
1995199
1168929
996862
1050579
4398767
1111397
2812291
1232879
803102
721379
627427
808192
1213661
745154
671313
884698
1543709
1191629
679013
825108
716932
685468
690211
1493893
960807
1063765
3988164
673179
990675
681040
667658
726180
676116
735584
675231
632954
1974858
4785959
1216996
1580180
663204
684509
674679
602750
995630
668233
606703
713232
1394627
2354513
3331152
1105672
605451
717494
605390
1248344
637923
648263
601667
665118
628082
625117
1326524
723288
1646493
624736
1084141
594066
645460
1050837
1873649
3995654
1439680
622510
1462477
726843
630018
1168104
662801
1221775
1072568
3069439
1093054
2247401
1901015
1156208
1206623
3047395
2576671
1273664
1332495
1096789
3981264
987055
993991
589863
982225
666194
613463
661410
631500
652198
714150
910099
598152
2270798
1558050
876828
1150127
1258665
992391
1314385
1348212
2299882
1204204
1211690
2316652
1104132
854686
594095
719481
1499078
1255684
659436
603215
1275233
683829
697867
639716
655495
625738
624038
1083776
1118942
1179538
1094900
1076533
2228575
1184379
1066505
651405
611643
661771
636529
576309
1059446
1131049
695931
732757
789816
836160
1270708
2255869
3228445
1320505
1213463
1186617
2312902
1202554
2253934
1078093
2108865
1092949
1141571
3200636
1596910
1191387
1285495
1178542
1246101
1136014
1113519
2215846
1186452
1066413
6201177
1370994
1038710
1163227
1185874
1180706
2224348
1163390
1115612
1090648
1252121
3223108
1155882
1263624
2880598
1085695
1201261
3304971
1205687
3170376
691267
680966
727068
799776
1151812
664339
732564
2201001
738048
1198153
769826
1219322
672908
3270037
1213021
1126404
1262381
1541627
1835603
1318693
1188366
1096969
1778669
2159542
1157421
2339142
1052976
1115588
1140270
1077242
2305773
3497417
1377169
1536053
1257596
727937
2728922
1457046
1173318
1715934
2049124
1089170
806966
676922
688283
1120531
6325737
1092534
2227703
1187758
1078322
1070848
2212569
1080604
1088541
1086785
1175959
3153646
1351610
1056969
1073362
701870
1150146
1143393
2164838
1080337
1332349
670452
662980
751159
662932
796072
751759
699293
698615
680797
674737
688673
736798
691417
707535
645594
993269
582402
1337258
963906
669295
763292
734066
755309
750691
1087448
1191752
1966916
1130770
1079917
722055
695709
727946
690201
516645
1078544
647321
1256361
689761
614142
1168885
797124
621438
581830
946730
601420
897230
1097953
1154983
608433
633662
692259
607756
609630
1299969
675319
698747
631980
1346852
752620
666602
1164873
703643
639025
1245714
646162
816080
648650
641834
695881
913128
641845
2009875
1321505
1269020
1181453
1111604
1200557
2116490
1817858
647545
621265
1745301
1693691
3223782
629936
1479999
605615
645969
1206014
5441806
1246348
2187354
2093704
1274595
1097794
1238845
1081695
1081262
1062043
2445247
621055
693576
824294
681225
826345
1598392
693429
739786
744820
745814
758588
724401
709144
686363
681130
1018906
746946
1349192
745210
1143280
724424
755767
781945
684155
1136489
690999
665435
799897
692197
4762837
668043
762958
759794
611249
4643587
1287387
1210114
1099948
2182914
1082238
1063543
1082008
1223351
1169540
5448054
1262187
1005422
1689772
1086263
1093159
2176306
1069884
1123768
1064139
1060171
5389126
1064337
984779
1086118
1084822
1152102
1048134
1278219
1222753
2135881
1063809
3245886
1037632
1083749
1218205
1331067
1046011
2693576
1077299
1339273
1433295
1492502
4538214
1339554
1690291
2238557
1079210
690154
1572441
1136720
1576368
1166038
2432969
988521
1087640
1073718
1085890
1159738
2097818
1176376
2195536
1117542
1079575
1145560
4542205
2257557
1079812
1110050
1232077
2448347
3253174
1232419
2401065
1161404
1914731
3512544
3015252
682097
773968
698691
698578
1188612
630859
649159
1248542
681309
1457281
714635
747615
2290003
682196
1065890
600075
830008
2228058
1241640
729656
654236
776297
645339
1207229
667503
707034
834705
719479
715387
676410
727111
633163
683634
679131
1066733
2832690
688499
809085
714351
1573632
654406
599672
678451
667471
991226
752979
888130
683829
1042963
942211
1183490
1138657
1123268
3448454
845042
873951
608731
695620
972033
1064282
709830
604718
645770
743245
683368
906135
701025
707710
597945
614800
592545
1649929
579147
642221
1448493
672177
1329680
679444
952191
600119
640007
637870
630641
632732
717372
1401538
667952
636845
1564543
924572
584160
692476
602245
626216
616961
604830
520004
548451
611647
2162822
2136276
692961
724038
823973
797682
760032
1456676
733227
696371
819057
1330156
679022
699789
985052
1481716
760000
784448
674675
734904
786987
1229629
1047630
1317249
2178385
1353797
1181516
1227420
1178268
2132269
1107387
1023250
1105464
1087381
718082
853025
859360
669772
1198471
676926
865883
1315606
634277
914239
760251
1199544
2183429
1122557
3450247
1086967
1072872
1278473
1101815
1850556
1599388
1490504
646557
653458
611477
1248532
604873
1342840
666569
592978
616432
711559
634010
1407015
748421
622105
580625
603650
1413346
593672
603144
668633
676687
863940
650720
620364
594243
1314415
654718
593595
1006275
1283281
624337
1469947
661537
2278180
1187297
735162
618396
633763
730577
695353
641745
604135
618351
588842
551832
607938
701137
755805
731945
702667
600926
596214
696148
620544
614785
1333174
1310700
1048144
5642804
1330701
1102313
1140583
1102108
1122904
1091284
1083234
629951
989844
727451
697861
1027589
671579
709069
745366
991953
671145
1057410
708570
1280643
1089483
3198689
1438724
1074609
1224158
1095495
1501694
1102589
1078077
1081462
602002
622175
631891
724724
1165881
1057542
2906986
1102581
1101299
1135861
1202441
1557838
1113206
3223394
1643576
1298580
1196252
1077712
1178979
1238862
1657583
676337
707522
695425
1604945
709260
687092
1486534
649407
726055
789612
676496
697247
1324293
1899501
1273127
761002
787531
707043
673518
794824
671689
687809
772189
1218617
1068141
3763993
2196623
1321830
1082223
2224042
1070218
1816893
1073180
1073469
687984
972492
663727
932388
715257
699947
701805
680588
843003
1365793
670098
1088434
1404892
3128916
1069426
1162598
1089755
2221311
1091075
3427651
2261574
1294107
1061928
667893
671241
661622
676513547
1483088
1175467
1080863
1539701
1802096
1166233
1212759
671063
1156668
1081517
1143596
1146082
3202333
2183134
712180
676313
825798
638889
823505
670760
648170
670873
645341
705919
681983
722033
693656
3161340
767818
1039366
654799
683939
668121
1211285
3288550
670952
714679
1192633
699418
841706
650955
723984
915636
604776
606906
745983
642003
1045598
655763
1108545
668823
656592
1161859
659135
642634
797569
674490
1191741
2129613
1066908
655933
1363551
1097251
1058445
1144713
1095632
1184569
3398580
1141790
816969
421837050
593047
611367
777119
741101
687991
778937
767538
721245
687862
4589730
684475
719276
1286331
692856
687750
1304257
702811
777898
615812
1596121
2889566
1092990
1083489
1081209
2187324
1290489
1339997
1078809
1057743
636327
709531
1970730
1199793
1937003
1207705
1082970
1318618
1065257
2398805
1153869
1017551
3092076
705698
1048737
698881
1291121
708750
1108144
1353672
680863
1145703
651244
818110
1719443
779007
691590
1202513
731136
691314
671955
721254
1273844
1183190
1001539
1595243
1015140
1106535
966172
1069974
1019950
2057027
932203
3158294
1053697
1126403
1702383
1035250
979743
1027202
2246756
1006902
644756
2178191
623878
1072794
966393
1011120
1148663
937390
969506
1108034
1167038
1802996
963293
992876
1243625
980204
993020
951639
1209556
954935
1026825
1504897
2220451
700021
1011579
2095767
1128842
965421
1422590
995972
1288717
972365
1003467
964245
1011906
966991
2091600
987643
984339
986406
979512
941960
1046782
949366
1697581
1058883
892012
1772723
1100964
1006640
1065651
1004490
1143341
2089999
3088203
1097087
682417
1035448
1884749
157508988
999538
984385
958118
966382
1226260
1752137
989753
1896859
1057276
971357
1095169
972665
1984263
995606
1042314
1970871
637904
722312
1090027
1097119
671053
760821
746538
1132636
1221487
1062892
701321
1259661
1120506
956184
1002215
1052777
1044186
1127511
1065630
1105174
857115
1693088
1062497
1000272
1549911
1297809
1082408
2582963
962987
1100477
1183825
967058
1224850
987440
1999496
1152768
1180324
646488
643602
1096516
659010
622561
940635
662038
881362
577146
630508
752596
651411
645460
947596
672902
663350
686077
706449
634085
694626
630681
883850
628220
931791
649630
702014
790220
1215692
726670
639377
531979
654342
639531
922708
647818
643597
627777
728790
1141860
630352
675670
695506
653993
1063804
1132867
960619
1028596
977418
1028764
916208
910178
1085315
1030809
508028173
659004
638002
1076446
720596
875473
721273
728579
1229672
995052
719117
705124
1273698
659220
749081
978844
1048885
1573338
979752
2725341
894397
1200381
2165595
1114686
1663348
1902773
2100566
2132172
974647
934234
1023508
1085280
1001035
681634
1502525
974242
1081083
2362269
1138164
2158156
2112678
920233
1028216
1031984
10176404
732593
765322
743822
689717
716549
669559
1300526
1644126
698153
670076
2666093
1122924
751000
794286
1218828
630428
2036992
956452
1482904
795165
767523
663132
679902
786963
689036
679653
740541
1122697
805769
735097
672988
671745
586964
753824
782171
732311
673952
1110438
795563
663262
1946770
1562055
673119
725127
982055
968720
2026151
1121583
966509
1051441
943633
997548
2091280
1070343
1005676
1084134
965029
2059740
996496
957853
2214368
940962
884693
1046560
1058241
963058
1080066
1000798
1388937
640787
753264
1171529
666077
1358582
669401
869826
644342
649262
651038
708203
1146299
665990
3722378022
640464
683024
678264
806510
655903
685819
865553835
710537
719818
721051
724518
670776
1310452
763537
1840733
1055380
951765
1099990
1969367
1584388
995891
985549
1266820
1041781
1003320
655468
1028775
3015421
950195
1464683
2711974
1011763
1162820
729837
1095414
1847962
1130360
968726
1313991
1951422
2221573
1906590
1032036
966068
1053574
951964
1698128
2194000
1027646
662429
763970
1358375
644308
746362
628519
25087211
695321
14432129
593302
776371
6368808
589619
632254
680862
1253435
648544
907387
738442
580638
906988
696712
633600
592874
1004248
1418506
1646656
1067518
999159
2487879
1941872
1189215
2913361
980369
618037
953936
1023886
612668
681487
621165
696334
632633
618592
751959
667341
1074039
1158463
957074
1072467
957889
1118180
935933
1003111
1003012
1168454
1813156
1078667
967203
1819677
1013024
856932
980848
1758247
949036
957759
1248874
1988252
1008225
925868
1202813
941116
1145159
914489
992509
1031160
962422
937504
1058965
834130
1152778
2930484
1961981
595768
1149654
692190
670252
658478
614084
708478
1061564
1069260
1090307
950668
1484241
2146235
1038689
1143277
1413996
952316
942049
503552
1201147
602044
682789
617279
1777958
783735
678909
1952758
694413
2746013
684840
677126
1047268
546160
574743
612000
719668
716909
1144503
590783
589884
719515
645711
598951
599088
750263
606076
1659310
691371
654221
1177038
747897
604008
1370185
649557
611157
985869
868054
603733
1875356
676521
1019307
607049
1027202
1235647
948742
1161952
851193
925237
2676096
942813
918849
999197802
1024961
1812307
1726059
62354432
615420
923931
801271
699251
1234568
575279
608716
768620
666681
1601434
1117156
772824
597723
699939
636898
605035
619331
847845
652164
610119
2354708
1904963
1039042
1781351
1996905
1477068
1198045
980603
963548
1067986
1014069
1321162
1154055
1658129
1802136
999874
1334382
1330929
1018594
1021050
1039787
1001227
1831734
675674
709372
694460
668808
779314
690675
4061965
713609
1455343
1176739
679888
1071541
1048463
1939140
7097167
959574
2146797
902587
874911
1962318
1910677
1181720
712057
827614
1315773
1143354
692363
662878
675989
322952278
1083895
665406
2829325
1438621
956667
1494976
957422
1021957
1506849
881833
1002472
840886
957904
928704
606164
1301156
590691
744958
631869
600337
693887
1734006
600864
594026
658945
594736
848995
595382
571428
721773
596827
985793
602441
625556
109975193
651721
592221
864449
605721
645049
587981
1176577
875500
1100936
580223
883302
600822
1222071
590415
603560
753988
1623191
592327
609029
1169185
631822
592701
648159
686316
598083
689835
629879
896346
561950
662525
970501
755871
704435
577212
563175
667391
612506
1562572
1224494
583614
690432
1341075
704896
641742
659467
604221
1349211
634746
573243
660833
594787
604298
638598
645586
636523
573859
674723
600465
591392
1321767
1138674
544031
581993
631340
875458
862558
555500
1027333
614955
586532
928542
2979917
916645
986986
904624
873900
568394
937927
613954
975806
600630
619350
691670
1849155
684233
989359
1608528
998182
908066
910003
1330284
1063403
680663
696857
695638
655369
1543777
564823
693737
994847
607526
1131490
965925
922573
999857
2101325
2459311
894478
1131886
943250
1023288
1937933
963604
884953
1488550
1936294
1000348
1167023
859770
900839
1946187
900961
927207
917477
902329
1894895
909162
921012
1116276
1725089
938935
2036208
604214
1843724
1040573
2597814
1085730
1574142
937653
833671
1301750
993469
1002077
867328
913084
940078
1178880
1014757
1681841
963798
775830
1715939
949105
581091
603744
965019
913228
969447
989426
1048981
1028390
1971488
979021
4311647
2303487
899419
920847
846806
902192
1483849
2026079
1213872
912493
1400775
1007322
995141
950947
1922479
1086671
1065300
1139144
956676
949301
904349
794680
1023687
960953
1563992
900686
984578
1079886
2062168
908663
908891
852069
922529
2657142
1009831
3186638
911244
1090658
731499
931211
670429
1872311
606529
895519
1899764
635564
890157
898340
1292140
907853
613637
1081190
658248
962419
1803078
890131
954038
1980440
620767
958583
1780946
921871
971533
953680
1152459
1171369
960483
962291
903895
995102
1943561
939882
2391383
984549
1064828
985519
983965
1109316
893047
2695774
896555
1778874
982587
2457518
928936
878641
1072215
950180
1651221
1041547
930675
903003
1039278
2684333
970303
913244
1103055
914803
912269
1076276
975934
2203229
892865
1160896
919413
1201514
1195594
1014216
1001374
1047180
784506
951148
1121861
1015468
1105688
987134
2254648
820821
1471656
1024846
1757310
1038066
1006813
1036965
982286
915635
1160173
936387
1796883
987438
920227
1001283
942965
1496045
957970
905772
934723
999458
2801017
577186
1790908
1057959
1855506
1843818
918465
1813895
941091
924172
930471
933018
942955
819053
1159114
1015704
2878073
2140877
2715750
917502
904029
1040420
1724174
910687
1799391
1041564
923408
1207181
1045708
915545
925886
1788624
947486
496413
1041228
918329
1862297
1246192
948869
1039759
954145
970420
1175663
1042322
906984
898359
1054872
910341
616211
607431
660296
729241
1259908
623063
607006
629291
860063
1083322
1837126
898993
928673
901925
968557
907000
1085385
918038
1103653
649687
598345
643777
1311041
610700
1128334
595816
633115
650782
625308
1288304
631929
574196
561277
1550127
1212001
606075
620851
589332
600059
582275
669569
1168159
684595
537539
704739
1340818
1119680
983095
2684781
650862
2785297
601911
576460
881691
1205193
924219
2955856
639722
1134002
673203
1146066
945310
3065785
891456
889940
906647
900808
1048615
971031
1124566
1055805
1083768
914215
990180
894100
884929
798040
966429
932821
893029
1109789
1269921
1716230
1057418
960331
1326882
1063364
1028775
933006
2081222
905914
1592041
1421443
919011
1726794
891264
849812
662350
1043155
1991101
1938022
1893726
1046171
923756
932635
1763778
924373
870054
934597
930759
950341
914849
1344612
904528
1754406
1096293
1835273
2312118
1000384
2357929
1170530
968165
909180
988597
907286
895438
1040364
2014765
1013403
2370048
980016
935723
898862
1028095
898694
900173
908334
900330
904639
886880
905596
591301
594685
715694
666086
1334630
613555
1458408
637847
918533
1216661
675459
965561
1066520
600199
1090347
672844
757422
667793
668581
610674
610953
364657543
1205509
1680053
1353672
1725793
1015769
920244
1079587
1003774
577982
927250
581636
915234
298224859
610144
1835365
1269840
1099258
1176346
888083
1804627
7827821
684667
671743
593877
3866093
624577
650587
653194
686123
1093361
660917
926897
868573
658662
789082
701008
1077211
674369
844024
768581
1203044
551677
650334
584869
587576
595289
628609
569242
632874
1496474
620382
622850
2584203
912315
4459430
917986
1024450
1038608
927223
915789
905661
902238
2591480
925711
1205870
1135138
1295327
1193293
1471140
907310
967991
1297726
1033967
1026972
914963
907939
908133
1003564
1042496
910514
905173
2552293
823324
931770
2563774
962243
991658
998943
894186
608782
994775
571764
869703
838581
732332
959805
700803
701694
599399
572821
1222361
625914
795640
567060
545926
590099
901000
925814
1003388
970675
1179068
879753
593175
588936
551364
613982
571507
759528
578433
584809
574738
1014296
801774
1017953
1019714
940097
2144491
941145
797326
1875240
1111366
1033764
960625
1075291
