17820393
1755985
1624967
1688107
1536168
1642549
1556518
2957022
1385564
5711999
1405866
1297606
1890243
1304519
2220481
1421535
1351656
1323268
1349080
1247624
1408049
2185885
1261418
1317560
1356931
1254681
1480152
1379033
2249532
1417139
4435490
6074422
1289106
1240927
2009585
5133363
5115388
3437160
3170550
7898672
1274988
1310778
2236237
1162967
1196991
1282813
1183086
2385840
1241012
2191577
1116573
1255811
1203401
1480930
3344510
2726351
3752076
998608
6084448
1213959
980748
1072631
1077394
1930906
1024470
999687
1070662
1077169
1034175
1008545
1732294
855503
5491689
990202
775407
867858
914563
1503100
870687
1926257
2130196
2237657
2192087
2457713
7367046
1968924
4008531
2154418
1745636
3829241
19697437
3700501
3007608
2052758
4747856
2426020
3812732
2123587
3542889
5382370
6736286
1036838
809511
3465673
2322558
2281342
874372
858406
857721
798270
813773
999174
1569132
1180693
1244095
861139
887666
806145
1255546
2083724
792724
922182
866110
1956636
1766248
1784595
5505804
1765488
1735846
1379680
738958
876612
920507
3071953
858446
868451
851239
764118
2201456
1698484
6432077
2111552
1810228
1908885
698493
1930820
1745750
3112212
4112637
1677095
1697092
1536829
4857225
1861434
3808475
1957918
811812
815001
1491854
805297
828100
1881706
3586190
2202032
3692051
1811812
1206306
936488
1636386
888960
743392
1385647
825934
771951
808776
1400555
879625
1204668
809999
843789
890333
806747
1545496
931172
906360
1506166
596986
725502
723100
1264900
746499
698260
761616
770088
783936
766939
2239693
841295
766847
907179
1841054
819040
820719
7179095
1939640
4865192
3454513
1441125
1625481
1689334
2418566
5173692
1937949
2178092
786453
735475
787380
2289834
1205587
1093119
1098136
1102252
1065887
783667
1474480
737292
763088
793777
942626
1149886
869390
1636635
1949046
1491612
837586
1465323
1207626
1164126
1908240
847304
941482
995939
935676
1481979
869515
1348599
780537
937383
913036
1536826
1139462
818452
1556009
829388
759717
878821
780152
774407
857258
1577817
1090150
769744
869463
856257
843924
866399
1395149
792880
942392
2296218
852589
913015
948616
1538482
904819
835265
876855
693440
749852
749707
1461837
711286
2264811
855591
715447
678688
681856
1427320
732358
598698
745825
581898
730022
829675
1474035
844079
766248
814540
908025
763292
793750
1376914
697186
857324
755525
586933
736279
822356
1435362
663864
772505
807589
786784
733114
740973
1393705
835135
832848
758220
732354
821026
1022693
1356237
719384
728685
908709
830899
921399
900738
1451463
748257
839381
768292
690609
856527
910116
1432369
14887444
744660
903287
713725
764670
943639
1403644
879709
881882
713334
747709
919849
726011
1390831
693880
767060
704091
1056234
1151464
735149
1405139
943810
817169
1058559
1684159
1672268
1256584
3724311
1447838
3869325
999957
847806
1064277
722683
1487884
764826
834057
871948
637974
663155
667493
1578143
676743
958457
672293
913458
1302552
664656
26330894
2219367
3702620
1504061
7952308
657968
4737280
1262274
699665
691976
1183762
3862222
1201785
1591508
3862048
859757
1347534
877865
698142
661251
779570
1246617
1460751
636152
10088953
3069869
704242
757304
1294374
699444
655344
739910
764017
645750
717913
1313239
622139
626739
737829
581278
702466
663362
1395843
613015
745664
731064
840827
688035
737307
1214914
753692
768072
710511
686991
1667737
1090615
1158752
654246
697046
659901
1862922
598510
722377
1354774
639737
756088
686035
794324
941139
689275
1240829
710946
869053
771242
703693
874421
674742
1250111
776298
696546
691858
647483
754372
780169
1201244
809066
679693
794805
683293
957308
678214
1941022
682350
3911152
1375531
1604429
1061838
4779261
1805541
4234202
1258532
1317894
2163873
1035900
2755320
1784362
965100
1083520
1231540
1492708
1040608
1089348
1923615
1098949
977646
2688818
1113903
1264176
995678
1865098
1102538
1033513
1123789
12634592
2761342
1001522
3537817
9031021
1255993
1068648
1078888
1402804
1055318
1996605
1067176
3464373
860783
818903
1065022
640269
1583279
955185
2380131
1548246
1113028
1120212
2816942
26327699
1139983
696738
3759151
4706747
1260759
1186428
3345397
1239930
985995
3129008
1257739
734105
1186811
1109280
2706355
630586
652273
1326008
1083792
1069262
1213505
646152
857622
690395
1382629
1277972
4809237
17435048
1127880
1001225
1092448
1241141
1082869
2735916
1985382
1241807
5604697
1955664
1602386
1983489
1648978
2446432
1746452
1519377
2944353
978521
1091155
743957
1967340
625588
669187
1094923
2499741
1160441
746477
1314622
607882
644731
613893
1190878
1005283
736310
1101704
679723
790113
659790
726438
611750
614863
1385474
634937
772060
2847438
634627
727355
659935
1085261
643376
697386
768346
642790
2150238
1283976
4356486
604687
794251
1020084
1029686
4465056
639557
3176727
3572779
1296981
1400764
1282017
1505967
1212505
2350959
1308233
3161079
1318709
1379271
665109
1210073
2585134
1033339
1066148
1225055
1981961
659848
646888
1488999
689813
603650
582693
569921
602142
727089
1224197
811149
672906
1325410
1359097
867238
760953
1185195
524695
582822
655018
1216040
3669240
1055791
4370211
1568990
1083621
1000956
807623
849669
1027730
1825887
847608
2616973
960319
2425841
1060190
1456403
1895938
632155
689124
658999
905229
911181
3732150
1828166
2526226
1051225
887363
2351333
951725
947307
1788486
1082854
1057233
1095462
869943
3014630
1096895
1623197
2477851
882918
906225
805343
927460
1026138
3631899
1153898
1375697
1173447
804346
1086995
1141088
3412048
1857823
1025742
1345931
1031325
1130837
3741207
2089699
1036799
595413
583796
1603050
3533649
685080
1030630
597010
614524
764138
703085
788866
645635
1197041
4549462
648606
4023889
644629
716649
633973
1196233
683743
700713
801046
807332
582691
864236
1223662
596619
628920
583170
453060
618686
815493
1036447
845420
614208
640868
694856
572747
868888
1210240
533846
643453
562463
500979
524775
575097
1327399
571999
7070083
652717
477144
1589763
577061
1222612
575738
7398564
600840
922651
774549
577594
960174
499999
623627
563494
470151
468800
691651
1212014
468460
506024
671599
589566
493912
523579
1138509
475370
680782
779493
1456778
1112725
1373354
4846479
1483202
1113189
2996090
1029325
1295241
2769890
1266631
654884
645628
860857
998908
878909
710582
1112830
1128823
623625
625115
563887
549246
569088
993838
542802
564903
608696
562113
590545
575080
3946676
1126495
1019223
1119579
771620
1612407
1268961
1855691
2910931
1658685
1015086
2713188
735425
670727
1257395
520197
567226
711463
830277
826559
1160397
1737147
2403129
1025982
528332
589198
547075
633308
1034466
779348
559746
1134632
1114099
1264276
1388125
1725916
865394
978749
1052708
907768
1233578
2625826
2031002
992893
2699427
1194933
2238472
968565
1017715
1979888
998430
963752
2314753
1001358
1089412
2660171
1618662
2438194
980817
1002904
888626
1239847
960296
5722491
968922
3795854
1108248
1249760
1002352
1005514
1715919
962298
2863560
1036617
3282126
1406943
1004959
4461907
1326568
1007681
1020015
1297606
1053107
2829757
1741218
3265643
1540777
1764474
3250143
1501559
1531011
1709631
1166285
1715654
2822010
1374367
1444984
1432647
2391513
3018235
1029388
1140385
1403321
1072105
1026990
3722289
1165640
3351005
2153958
1267273
3163757
1203737
1438773
598047
771183
1112177
596435
868507
631985
1143566
594168
1100861
646622
1514791
1298548
1009266
3342831
1041910
1038864
1141914
721951
1625691
3681624
1974248
567199
582004
595916
564804
565889
579154
1311379
663458
592731
676210
609531
648808
647874
961903
2359799
1211224
1019519
579234
727752
689176
1306399
664301
573943
626868
787065
566997
616373
1019778
686577
604950
706265
584840
714169
1175892
1035515
788866
578024
3898589
1162188
1319152
1255384
2229211
3553330
1241882
1333818
570325
576952
560088
4153651
1262869
2881842
3582469
1602847
3257871
623738
1539991
640812
674966
692322
619418
657542
615073
1332657
624871
624817
656591
630928
690945
628840
1337942
805284
697966
668353
559057
581601
609747
1035268
674371
978264
672608
562961
579971
644083
1508034
886913
673505
697337
575813
1182350
610175
1085705
963544
757178
698598
1524381
1116656
1215813
1779574
1056401
1052847
3478329
1192914
1074764
1971298
1988240
1324590
1222792
768266
1115641
1048540
1121506
1357482
640957
745891
1014461
637721
961268
681850
1183771
613723
645311
604789
620769
665926
644604
1145481
615723
3600663
653731
628106
649877
639123
1184591
613397
611084
980750
679418
797739
1242499
2546684
1242707
1055559
1221787
2581154
2564351
582395
1057708
622849
599725
908609
610972
721549
770339
1132315
581593
593882
1016542
1114531
3035202
1031457
2436160
1035230
1220747
1230931
1185919
1391726
1088703
1504608
898485
853646
1564952
705673
616447
675206
1105796
709096
676689
625948
605293
641858
1154878
1243358
654763
645527
585941
504892
604256
659891
1192814
600855
572664
575554
460849
555100
585725
1025966
468688
613106
663195
4215410
1432625
616350
1244161
728148
798565
632766
541295
601767
569817
1055219
1484230
578726
590584
502111
642238
605182
1066090
1020048
568844
1468605
1031747
1251134
22342327
997449
646750
669442
509106
418942
446360
537746
972568
550888
740186
623375
446287
512877
491186
936582
478461
554365
578508
517853
573013
561781
972735
596372
497464
662976
1353979
554248
597975
1073860
535436
583625
559279
414495
489930
633600
1717565
803164
622369
641890
437559
567648
507355
881622
445497
666678
662396
870937
871537
1123593
1724942
3569060
1092965
1119317
802643
964461
1046574
3717093
857901
955141
1029524
936140
2606010
911060
5158256
1052755
1104356
1026713
945206
863164
956838
1852668
1024094
2522680
884846
3339618
587087
573578
1339996
501639
502873
552313
555305
593922
554955
1329984
574165
898990
729321
622227
1195747
948971
1760201
1221267
1038197
1147801
1464339
1048138
1272532
1762571
897179
1169120
1050017
963430
1079682
1368483
1847389
956245
936918
2553029
918646
926804
1477038
2071730
864870
1226772
930433
790505
927564
948298
3513281
876566
943064
2614153
1403707
1029857
947750
1741387
835590
952684
1072795
1036497
1054814
1026076
3585199
1034165
970161
1034983
796656
810085
2653618
1651426
2407727
1002191
934396
2524360
856772
1045009
1705398
885645
911015
2619432
774169
946140
995442
1809984
2574032
991570
1005661
781974
890578
913724
3655724
805495
2532951
1008798
788168
2697797
1030882
3235943
806342
866438
899856
915779
864404
2602740
1809778
804185
2780150
893373
2358573
834867
930677
1614373
2537286
843424
1014345
1190130
1038960
544057
972713
468381
571245
570523
445891
609569
574624
1007890
665623
652172
488252
997864
910132
981999
1910807
1348437
3649706
1084712
2804119
2431560
1054875
2337535
1234547
1250297
1107257
1162130
1047365
3287329
22332787
1273380
1210217
1045761
2959381
1484835
1124222
2188081
1008160
1131798
2720575
1266870
2291188
1624052
1783524
1014929
1036969
1588745
1612177
1649555
1382197
3280916
996399
2662849
1198669
980736
1102228
1167201
1887041
1222615
1138575
1211641
1095962
1010162
1018792
2357572
1001622
938531
2913804
981060
2593956
1017324
2437018
2727707
1177565
1862293
1010327
1025196
1797374
1070882
569971
583435
576444
550442
584721
686994
1036075
639137
578868
658009
1396379
583980
1364971
1047862
563551
582363
629343
572930
635328
860031
1566237
538963
624329
551811
732783
561246
611226
1076299
609294
794838
561082
459153
483361
619433
974889
634563
571709
675736
483708
573549
658072
1047479
583035
985320
624245
476187
576555
551954
924982
500137
534822
536839
506143
567607
551652
1102066
602356
588960
508669
470655
481570
651167
1020673
567100
498980
632234
1153767
2850373
1016263
1667813
2703286
1318693
1964055
1289414
1089502
662584
1271611
1085693
806339
611413
699827
583201
548400
967919
546568
477404
571182
732857
562755
716025
938181
495797
521310
576312
464296
541798
554095
980272
561552
584210
563886
431649
1244945
1013159
1759534
1188470
2740506
1088228
1130267
1026936
1187595
1513874
3029792
1395158
637573
667305
750542
793357
1156136
681982
605725
762333
534838
633556
710492
3630891
4576750
647696
700134
1062830
579719
984185
1730333
2883349
984077
903324
873065
998718
1383616
3401782
1001253
1113174
1018879
1341895
1787962
558729
1061705
583121
573526
717103
689771
575074
575798
1028380
883436
588108
560994
553407
691493
575405
2325703
550684
593313
570040
451781
552450
550371
1577906
943421
1108261
1259103
1248443
1368556
1046193
5361438
1113510
1474772
648041
804464
703892
718844
1791082
551114
533890
840867
478818
547128
575211
3836532
1179952
2718285
2460536
926930
1038974
3008429
3628536
1321215
1571982
1052412
3679729
1583680
1180074
6646779
1462724
989506
2694106
825938
1051247
1007939
1816341
633489
571136
591379
537427
522149
683695
1193280
1117653
846291
597283
1034116
3443165
1082681
3901632
1251336
2199395
2700677
1234057
1041725
1349811
1972910
2004146
2399080
1244256
1810784
900225
1029693
1774446
1405630
989159
970770
503832
591614
606634
1727090
726762
1943648
1243829
842654
942694
1129819
2216413
1817001
1293885
1103978
904536
969614
627942
1127906
743127
628069
804645
840090
1772216
554361
1025885
539453
568787
558145
527991
561438
619378
1001274
571560
687877
574169
505355
577608
535638
965276
488141
605229
730857
1050585
997897
1060166
2089844
1015189
628634
1152185
616100
543833
560387
1061026
677322
727245
590901
807340
616041
675843
3754195
690763
2019580
720486
655088
635845
626774
1159168
652339
806871
708134
630980
791464
640227
983046
690156
2063070
852066
608214
731768
1100063
2013928
576378
546289
564756
814348
570405
543060
1283435
911415
1001758
2653344
1098114
1231391
1621975
1741914
981353
944100
1166563
4490612
1018548
1026167
3215083
1238072
1062987
1170090
1016075
984284
1006928
1812627
2464924
971076
1952193
982940
921478
1004331
2263975
1018595
2629996
1126241
1318386
945020
1070592
1798473
1747344
1105918
549633
468540
532316
519709
993382
568605
556238
710593
2200780
649495
612257
998834
541986
571185
704192
570225
572467
687213
1012149
559398
734492
632851
543786
574940
583696
1038438
509066
4501840
517136
544915
575496
585571
997761
560729
661546
562146
541887
928011
1040265
3334896
861370
922518
2547135
892927
789068
625644
1148401
522952
1160385
1096320
1935668
1018772
1126554
2023064
1346444
1062186
995938
849104
2445268
1035832
4098850
961716
905728
918484
875469
930784
961097
1722951
961929
2507262
948838
771458
977893
904682
1770447
1060020
876622
992975
1027988
961254
2534469
1861880
922618
1011795
1023925
1046977
914165
1051435
1723874
849911
2500118
918206
784052
949753
939912
3302096
872377
853085
975565
801994
917399
2488608
1644583
833776
972430
1010671
2296737
901449
880565
3494032
882660
986448
2518563
748492
848196
1030455
1741196
3131384
1096645
1006282
1131349
1173608
1083674
5851901
891753
899602
1057138
873125
2467610
932454
1661809
956374
1184212
1168924
978641
869367
1041769
1703382
875181
2539586
989504
861429
954074
942972
1874771
1221193
972386
963386
868571
922864
2568955
1645286
887834
958368
978437
970168
982253
1023400
3368049
974742
954551
940904
1070761
879753
2864157
1708343
905349
3091259
974857
838984
988369
947343
3196811
869333
935284
2589650
1033134
1002896
2667732
1870204
1244364
1041464
1114037
3119262
919862
1098695
3863255
1017852
1010742
2457020
990210
2105084
1027812
1656807
3942579
1008717
989843
826322
1021150
1046267
3846228
1118336
1027576
1000510
967387
890073
1056230
1740842
2712516
1253444
1028379
1057415
1017830
1563736
5127909
933446
2413057
960209
835494
979377
1125313
1658596
2571686
912767
908653
1050884
876722
886209
3258865
880700
1215437
996350
980028
2569446
926091
970463
546332
657652
563369
966703
1030222
986951
1733463
903290
2912350
969070
824381
1036178
1054859
1698427
1016744
1207373
1225854
1354602
1145832
3102391
1782082
960732
892012
953418
793066
977304
1002922
3384679
995651
997131
2616284
920962
1016268
901443
1828071
869257
1266476
1544374
1605326
1029176
1038238
4735739
1030083
1222846
2675688
751042
1206709
2456833
1716396
905254
990401
957627
2360359
588960
923854
3342469
864633
1144130
630319
1010753
887964
671470
1098347
517886
605525
882863
1101384
1019145
1001324
3273301
1096042
887539
990086
828919
2996602
571933
1050175
522955
1002876
970966
929546
483974
485766
1015866
465103
556221
549807
445014
575226
535572
1077143
960460
911062
915135
807660
895554
2522793
1833527
982652
908961
987919
426850
520776
904446
1643008
527297
479587
506550
425144
481692
524278
994734
828522
591835
511385
440572
997957
877097
3223572
998590
901503
2757126
772234
917818
2555756
1707477
865932
984480
953069
2425201
910971
905969
3492034
917835
1052005
2530274
789681
903291
957092
1677734
2450048
932072
901819
1125473
937776
931031
3313995
931995
900699
944897
881289
877401
916037
1753175
2507689
982123
920998
2338289
902956
913765
3600112
864167
865757
2505195
758877
900611
1169550
1759729
2543732
917626
940778
929898
554846
612322
1107601
595287
679611
624246
614655
648838
1011210
2682649
1663309
990807
1574525
1980665
1067519
1136373
2022689
1065082
682208
1532429
741403
572413
983828
1031304
635852
1219782
956481
848374
910965
2718284
1669407
861688
934398
1003447
811445
1149163
1127428
3328919
1017905
1380773
1035038
647559
1118621
2962464
1721973
904047
3067284
976625
2363969
941014
934754
1734601
852668
5908998
554762
450679
479929
564040
1328299
858176
987207
997303
917632
2424854
928265
969589
506085
478941
567462
538826
530978
520669
1036845
583289
544926
994569
823771
963975
933821
1801773
984839
926580
976957
840503
1051904
2463773
1649023
910281
985842
978413
870856
2452951
1007434
2230941
1397044
971523
534374
428095
514941
503417
1707377
1025797
2552227
1147438
806007
1249008
544088
966266
487133
496298
580518
416124
540455
554612
1881663
882470
1053471
962739
2301279
939209
873731
3815407
854239
963374
2955221
1029136
1359688
1208430
2589344
2505974
2210883
1089629
1548442
1007090
1023179
4639914
1077471
1061175
1001429
843626
1001172
2570665
1757542
3005796
1032646
998896
2386153
1003456
1894492
1715644
877535
983763
3056539
875930
905995
1035936
1735629
2536400
1297081
1015095
2902500
1425029
1053266
3374786
1077150
1061512
1014172
1050182
3176478
1179700
1744398
983594
1048807
1004476
959966
982224
2413714
2340931
997865
2511089
984489
793886
983897
985391
3673136
887055
983652
2399571
791801
997651
2573673
2277528
1172645
1208424
1214417
3185586
1139226
969425
3185044
842263
981266
2376563
1326998
962494
995163
1774987
2356812
994666
956860
2522781
1014721
1000226
3480966
878760
987475
1219759
941109
2542083
983499
1691354
1024269
940554
983841
2510963
914476
1107050
3446594
939552
961299
961925
917478
2493803
978282
1739283
2266075
948910
1034708
2474089
1015296
1218832
2609348
1007518
1111301
995726
898160
2349332
1102168
1721917
3083931
1063815
945352
919455
1453025
973446
1734319
1021494
2477426
984759
836052
3051883
1008157
2670617
2909756
994118
988048
880780
1022404
2434162
1694647
1026617
3942295
1040198
623195
559496
687831
1122949
672552
695548
809174
973037
3649031
2776540
1850197
1205232
991640
1025130
2428515
1252291
1081230
3208916
1181313
1028204
2879782
1009141
988357
663175
1102516
583731
614789
576761
719109
557540
619951
1643725
993925
929644
2346710
820976
898687
983437
1747509
1195867
1002480
972979
2301814
971281
934900
3142087
860501
949027
975699
1286568
2357949
985021
1650139
2442176
977854
982242
2284420
932069
921162
1718014
974288
2385468
929945
766498
2768518
988818
1747236
2488751
929259
928946
935112
1114834
890287
1693871
829126
2503601
987518
821722
2627897
916797
1684478
1107333
946338
2447221
842538
896741
910029
1717946
848723
2496505
951027
940309
977158
1007678
3278865
864371
965831
2527970
913374
917680
2500705
1737653
876294
978383
987005
2302001
940004
918848
3282515
961696
944230
2395608
974047
917297
981938
1748774
2257203
887975
909283
2390777
991321
924246
7084658
898354
912403
976568
842853
848432
953234
1771310
2345230
561157
766334
586523
923383
933888
2393873
985476
3286372
962868
769775
2518336
1005480
2338752
2501961
1007752
996580
793757
956369
2488044
1699256
858671
1233128
1021701
772910
2513237
990612
1688969
863757
996634
2386602
835408
861926
2579479
1960755
868195
2520365
1790377
799311
850855
975585
1732748
852356
921413
2985786
1020228
920946
1008092
1663685
2392951
912181
1004729
755679
895417
2480652
1710400
948186
2625627
1010352
810363
926291
967571
1724514
1049748
948324
995129
840359
1190227
2476871
1718725
526864
505193
946717
960134
999561
1169747
3223841
979286
961189
2567460
823157
1018985
2467683
1661525
909382
1176698
939704
2350512
946790
1241694
3463324
903759
893159
2489284
759327
938704
1368187
995451
676266
932929
906329
948463
544910
523138
2475413
465341
711335
555900
718960
529372
977479
1694890
2479169
925336
935128
2422326
490926
558387
952915
484863
512162
540596
793550
965323
983433
5237584
2495658
1021750
984238
956667
880679
1002318
3310511
835834
1197589
1068788
794226
2446885
916256
1855236
959743
883881
974991
983999
898635
961132
991104
443027
492913
1402461
790734
960203
591087
974846
541334
480099
470579
547376
557604
504691
1021905
510270
709027
965431
780211
977177
931673
3240746
1256557
910880
1014814
773139
967699
982854
2491172
892122
987925
943373
2369072
970803
1047470
4219944
858882
974975
2550981
791237
906119
2422369
1704198
976053
1207006
983602
2341807
964989
1042593
3372502
868384
947144
2485777
514223
879350
1018672
1730609
2493045
959444
978954
1047360
879652
894748
3337236
696305
1018653
1108061
841422
2454756
919879
1702845
975754
901299
902950
558855
1392029
949064
1905524
882520
2453056
962999
817356
968325
967499
1664900
1224590
904626
937855
1881898
936996
966670
1819821
995872
2709846
1016542
795914
2478983
909479
1751358
1329609
949813
554448
815989
975910
2481258
2337565
877408
2998768
975760
779211
1245582
559368
2500201
889040
973605
2549772
1181781
908617
2497341
1674506
857008
989443
1052436
929607
978788
612056
3206354
871654
899962
2619053
769767
927486
1004271
1727330
940022
1004343
1006184
2546745
554167
925596
3173029
876314
930630
1023280
947645
604995
566868
1711340
858598
986049
1320582
2431710
898890
968566
3393005
916753
900161
2567690
768066
894367
989098
1771313
2417044
933019
985038
952363
995242
959458
3331284
917633
1000995
1034280
1417269
2484433
974014
1702097
983598
1042759
1061849
1721638
1193510
1015109
1713931
850729
2589949
966877
867657
980133
691047
1322914
588977
2763742
622520
530210
531885
548414
1132601
542309
995387
1076708
851959
2464960
1894291
1637823
1061848
953753
941859
928477
569611
651075
1620859
859127
2532009
915477
848106
989729
991091
3275079
852380
1236004
2536837
912975
742875
560906
1620276
877362
616119
650222
521260
562190
633857
1056085
621365
628987
2412098
1108650
1030425
989470
1685335
1040294
1007116
1715814
2660185
919464
1012574
3228204
980797
987519
1291761
847204
876741
997669
1707591
2498410
993533
1174075
563505
562438
629786
1537451
925502
1024752
2656267
921376
924341
991454
2011246
2565837
939473
1135204
968763
1110125
1004878
3347336
972189
930653
2706868
572402
563164
804743
1008716
554113
749858
774903
565251
537293
987401
1686623
1761914
989513
1229021
971449
1014875
2749462
2136487
1581523
3250961
1329364
1197990
710411
651024
1676143
620324
604914
615284
478233
660370
627808
1228341
601081
600071
704808
560986
681928
762750
2203592
581233
614428
679015
547160
615957
641358
1220754
556581
698554
674601
642082
668752
636521
1734565
587797
661799
645992
528128
618542
680858
1253370
678319
634930
692911
479801
668018
630687
1324148
664084
690373
758059
512370
639508
683404
1405525
581235
663908
643128
537786
672707
683590
1181597
617885
622452
684668
494981
680323
642886
1125980
588551
638007
623113
562676
560976
534023
1134899
565156
562100
598542
503095
638688
746642
1134093
623637
575274
531763
713121
558640
603474
1124984
526091
606361
705950
511052
588615
565351
1218277
533681
572014
567117
473335
608700
597328
1273090
496990
637960
561279
479095
543915
563325
1185291
620040
567935
751056
506458
526825
993537
1641370
951427
932177
960428
1007876
927705
934885
1702071
882070
2421497
997660
805264
990361
1018875
1687992
987044
936838
933318
1108209
894867
1281482
1715010
905454
2503688
994279
923760
2531257
922431
1903917
934512
1209944
1177478
981941
987211
941447
1723544
878129
3631990
928248
901646
979059
951586
1742675
993022
961498
937844
868120
911898
2530616
1714035
904178
995205
953652
854256
983590
965472
3521870
903763
988442
4030692
872951
926294
1039559
1698812
1081403
1008363
979337
2394895
1028918
960236
3280001
984448
943126
2541532
845160
1277100
2518741
1028926
988640
994550
998045
2385705
986103
943746
3300445
961112
997542
2727787
844800
907863
1008135
1680009
2441288
903462
960659
972696
927905
909940
3339096
955055
1244614
984951
906979
2397125
968143
1678566
988364
942298
1027893
980846
975782
948040
1778674
901058
2569579
1100525
869160
990790
989272
1752288
2525635
953549
1038639
1314230
997048
911411
1743077
915882
2689593
1004229
755976
2523760
936144
1749017
1592028
938683
925651
759713
933503
2568015
1807485
996484
2577693
987082
789077
953885
929055
1682985
963819
952355
984839
819420
930980
2527220
1693364
917734
955891
932419
850468
988965
1028413
3308623
918612
904205
2681110
856800
872334
989480
1692221
890192
1018938
988960
2439414
993975
927379
4426718
882060
906675
2819536
830467
868684
2557558
1795021
890111
994867
939277
2529283
958965
1070142
3535535
926515
1006126
2549461
895939
930253
996746
1685195
3646184
944365
963637
980354
916517
989965
3419019
914893
892098
1007003
832164
2567110
971164
1795364
980672
993462
1006648
982059
930713
578849
1747569
856727
2436248
1007047
859762
1893178
986667
1719288
1241018
884050
991222
958733
1749580
930873
1660043
864570
2572329
992583
854253
2380959
992770
1672971
1040197
883073
926212
921088
1013858
1004108
4068984
851080
1050622
930561
781596
494316
523701
1006722
600992
562149
976083
799596
991937
1108817
2340985
2389245
980008
971442
914924
1014140
967191
3435363
840047
939300
1008838
801673
2489578
944575
1714008
1004198
2231655
1001754
925295
1000579
967432
1813924
907858
2501452
939602
796786
994573
1005633
1717115
958404
981235
966674
888781
906524
2581755
1638782
976375
974169
601157
490835
615914
585623
1107543
555464
599130
593614
508230
517853
621078
1147936
562568
596082
627097
511201
608359
579442
1115290
611491
603906
538008
971767
557937
516337
999594
510907
549035
502339
502497
1049852
1183644
3356981
942159
959684
2505113
924664
914525
980671
1722103
3105371
951798
969763
962281
929328
1127304
3568295
891939
929102
995139
970846
2473775
942261
1897186
947347
1039060
1085221
924207
898442
975204
1713155
872900
2463269
1178833
891031
971195
980142
1832070
2399016
957260
941384
1048763
899147
922574
1712250
875038
968734
990819
1531015
2371733
940373
1728109
994451
918241
931975
836918
912056
2486394
1708813
988467
2473002
922694
825282
1183683
1003799
3206821
910422
942780
2530833
883709
880491
2475150
1748833
915521
1919514
924252
2423730
913841
985472
3294734
984065
932383
2759134
852859
931596
982069
1616284
913956
976252
955456
2433707
978433
899243
3414456
1211025
961115
983190
803525
926376
989732
1734597
2409450
990850
1041908
2426372
990012
951069
3260978
882289
987279
2523256
888655
959200
1005923
1737774
2483824
999785
986592
875305
912275
915518
3537538
867576
893046
998221
799853
2628319
902974
1619307
950913
884027
955424
950941
857063
994847
1706949
860591
2578070
915904
821067
971472
914631
1668453
966070
953622
979218
1132383
875041
1170552
1648997
855307
969388
1033020
802058
969801
984541
3128693
960836
947898
2690840
806571
907532
901462
1698188
924204
1011056
940532
2319158
985793
943813
3175962
848845
950342
2637182
764685
895873
2566338
1726153
849576
987431
977059
3486783
884575
901281
3241665
821162
1000344
2490209
792309
902802
1004142
1691955
2399081
563369
894590
915253
983399
2569527
3348022
509640
534168
629317
512915
551143
902120
1704593
966188
995152
1001744
984489
891503
966477
2034760
860881
2512514
951900
837403
1019551
997420
1639834
2476135
937947
945457
1013456
865385
906751
1780572
888374
2544195
1000460
827453
2466657
981180
1690519
1074972
919084
920520
922883
982642
2480153
1727910
895843
2546467
932217
858864
1043650
561803
974289
688685
497006
543262
493244
988304
2439668
1759688
1063772
964873
912238
807904
551584
561404
1003069
544309
499415
529330
822473
907686
944471
1637227
1006494
918942
563030
479119
547672
545956
1048502
920165
947873
2613448
858425
946801
2491513
1722076
939746
994451
984163
502102
503061
498655
1328658
983251
1007399
2639426
998152
940417
989837
1704934
2399981
939164
884008
957724
993031
528249
995162
503566
924007
986947
835986
880614
2446476
1800489
882746
980861
1686029
2367592
937351
960624
3315693
900617
920176
1992837
979735
897563
977570
1709769
2451561
1044939
1253360
982038
902546
939389
3450553
949506
935147
1116131
834378
2520394
2714060
1661649
1063345
1029831
673029
537855
499539
525381
1722042
884569
1000692
2515065
875594
859727
984933
1713647
2419745
912181
990253
988749
934028
942099
3555943
517378
525728
771731
927927
2462589
1017553
1685007
994079
1083918
924712
429901
502854
496165
1014202
512102
700418
539976
437975
543695
532435
975231
966290
1026003
1001362
763595
932475
2492210
1827722
851039
974670
980382
773676
1033742
961334
3312797
888634
1066093
2475544
783713
941873
1003899
1823917
898038
2517791
1241010
868848
982208
901834
3298383
907917
943230
2538590
921632
846890
3296242
1931394
973572
958676
940305
2427313
1119798
953002
3553532
526934
528155
555930
544244
489307
568119
1007374
592423
927580
944264
929706
869989
984285
3339796
988600
874905
983765
860958
2994279
542424
997562
973687
953178
1000604
948650
1092246
595085
999811
507068
568958
563146
443388
555502
564473
1108878
962903
994955
919067
912262
958473
531040
1604238
503288
569918
568970
444982
518253
636587
2293285
1854057
531608
538245
444471
494520
2554954
1796275
952906
2503682
923907
521641
990547
967162
3216882
1003636
996899
2837484
751140
866237
2689490
1690100
825234
940935
1006208
2481275
991021
1036987
3355741
872183
885195
2494043
745795
946410
994381
1207995
492920
2798483
988370
1095022
894086
951768
3517728
858862
1001798
1248271
818035
1044689
985509
1741113
1017623
938099
950051
970813
981152
969596
1707401
1168539
2473887
960195
860293
980821
940955
1667448
997457
920673
1093414
920578
964112
934039
1719018
849940
2500838
949255
807085
2515291
967755
1887763
823688
939453
983271
948579
922073
2596368
1703584
846201
2520002
956848
942199
1082691
946021
3176444
976302
935110
564914
477048
556240
530278
1712546
899180
1026169
976328
486700
524938
522687
983117
500718
557034
2491577
957069
908036
1015279
1763733
906255
990369
1008392
2341495
945187
943461
3364052
855271
895744
998428
864644
908342
2741953
1690955
979035
976564
967652
2915644
913019
899150
3022935
569259
540023
603260
493031
610624
992400
1785092
2389760
950339
1020997
962848
918075
949914
3303151
877880
979504
1007165
492666
609085
925776
1730523
974379
1007487
961133
1019959
888465
1004373
2259386
904172
2439563
1027683
777767
1044043
962031
1716305
962334
898226
1243014
772753
918069
2696886
1854955
853072
1145620
943940
786418
2519952
929380
3450896
544179
1029114
2477927
901879
866763
977939
1265842
516389
573657
1009660
913389
615957
977921
3121433
882700
891178
2413920
803669
963944
2645438
1730803
838644
1003764
1000302
2369962
923270
953708
3548026
901464
917291
995213
955673
552307
531227
2334112
913862
2482751
1027358
794972
996064
1014701
3268987
791595
551835
558028
464137
551230
535609
2281689
1121463
1005526
1065932
2308618
506882
515007
952187
520583
801434
548592
472773
501541
1029534
1745554
2522722
1031031
1127671
528395
538415
527325
960040
499465
1476803
675502
455161
516772
554945
1001403
540662
579598
528917
507743
515295
598415
1062380
502084
540436
964739
777519
1033059
1086298
1770722
2429569
570481
551667
463039
530411
567415
1359484
883025
956260
991569
458078
545197
972224
1730116
496562
567851
557502
581157
517892
621344
1756076
920166
2502014
1059659
747313
985324
973949
1819249
1097733
901954
946182
799377
1017450
2560897
1768494
877460
960099
991282
496599
606654
573658
1090430
806271
563845
631955
486058
570673
621851
1194797
497243
608413
549375
481419
620733
623768
1131432
499132
614381
2525121
491279
936914
2535378
1670823
991125
1006329
520148
480679
508622
551882
1344238
922876
1116489
2659322
815130
578199
544919
973360
524612
537416
550489
539726
577588
538543
1341473
928784
914127
1545129
831774
2405135
957673
1703477
985196
1032998
1435731
1010839
878076
988199
1704834
893097
2470674
1327691
865500
1012900
2232109
1822495
1069498
959896
1042596
1151668
954326
2489921
1709276
1040414
994246
1029537
1159508
3023359
1027808
1714018
1303203
934560
937147
819443
954116
2814235
2055251
852178
2424242
956178
900172
1800080
932438
3857924
904453
984977
2542589
1088726
860016
2452922
1787065
928463
1042923
928565
774136
975460
926764
3295590
875491
876848
2431984
789923
1142464
974298
1663320
879610
969898
910495
2360831
869881
994610
3329755
816919
939852
628876
801627
852286
2467555
1764851
859623
897269
1016572
2380809
883977
948552
3310357
874280
867478
2543729
742151
966624
1078847
1793054
2417348
940575
945933
890046
951619
937409
3341319
826366
871030
980933
850711
2441184
920247
1687629
970595
940721
982134
967411
899883
911020
1854061
1999034
2420503
904391
854432
971844
931864
1704285
1069811
888729
937391
856587
988760
2420526
1674197
930668
988726
994970
764149
2242574
909965
1671365
1334189
879481
978289
761176
953635
2483740
1726589
813218
2429189
917796
742717
979430
898764
3292874
852814
912620
2666818
764158
894233
2448574
1660799
900705
961369
946364
791733
995150
941065
3149245
998937
891830
2462958
750931
860097
984439
1656078
979990
976005
965233
2318662
919885
857325
3300296
815965
943598
969166
793097
928391
2507239
1632713
838258
956217
854516
2376427
869493
950821
3279274
821012
1010328
2638252
841391
865232
925899
1669202
2379380
922927
953216
947054
573418
687059
1803040
829775
924759
900077
754153
2494524
903976
1700486
939539
873265
2134089
952580
843640
891687
1745718
928126
2460757
999320
766185
959290
963906
6309746
1429313
887973
898070
877580
891041
923132
1668868
968161
982434
993446
874007
875925
2437081
1712151
861572
985081
964353
2315435
971524
2444001
3325559
853709
981757
2449301
874628
916432
1001665
1649471
3094949
1083389
1146966
1120338
1106760
653667
7383639
1099172
1129952
990638
974913
1700140
1241409
2160777
1147878
1369893
1215183
1207985
1002271
640050
1285724
540202
557889
606214
458712
532170
604276
1013694
494961
548022
527493
551505
508079
643658
940134
487415
564816
579639
485394
525411
636197
957567
533400
550447
529915
550558
592674
637173
1082748
565652
497803
548046
514553
561449
630827
959874
533284
542957
586764
466253
575819
631355
1020164
497007
563749
535645
492332
620963
562563
1000796
513247
580549
533689
440597
554251
551969
1019794
554662
531477
566228
452323
582402
449099
1034575
500820
541906
533346
544161
507607
557354
1101710
484436
547593
546657
430694
546251
507388
1035699
491366
539465
568636
445943
592755
638063
1092264
2437642
1001394
1003312
906645
905343
929293
3479418
960378
959725
1002129
1049881
547737
541578
969015
538740
541400
640532
471880
479914
757312
988403
465374
547802
976844
599101
551621
578916
1735033
2852278
1020316
948491
916604
997316
559504
1154466
468655
502937
565663
499415
482488
532305
977049
519285
503300
556881
505633
490320
532234
992316
478612
505881
522885
431341
523683
581314
2038753
529578
520169
512961
429948
476753
487891
1025081
739682
648495
518832
553652
546736
513003
1193337
472977
554619
714371
588065
910036
968529
1686013
457483
554938
536094
493715
534827
559293
957330
562734
557310
525589
465121
521167
799429
1008211
547481
646178
581639
901583
563814
618163
1281223
547966
513755
576317
760774
939787
2702522
2197116
587792
547885
746552
1079168
1148576
3774991
3279597
871265
955452
2424868
991888
930439
2487711
1870110
1135177
1209412
955262
1121105
604096
623021
1189437
609673
623997
964978
551329
576068
1148785
1103368
620398
613114
603885
544751
573569
674830
1721546
753872
706966
632864
906366
677576
609819
1119609
596622
575016
543732
509146
667876
579699
1051340
545468
621278
589933
575699
612350
578313
1149000
534888
567562
584508
503730
504293
635813
1179057
519353
552785
643180
514410
591360
559635
1097569
502163
573423
509020
498846
580732
590577
1120032
498132
619309
600282
500814
527268
622222
1143310
534901
510941
565560
490541
518858
557464
994972
495519
527858
578715
525930
574386
567847
943219
516558
515211
1842914
463039
499730
564236
1028488
541804
568355
588639
450454
502088
676565
1013497
598270
521385
573075
488930
548735
751685
994733
487928
534956
548536
528929
1192598
546834
972728
505313
597505
549781
425940
527400
520105
995049
545169
551488
561612
505100
581390
540255
1011973
493860
516702
520779
425926
549640
568261
1710764
3561398
858459
944913
1225840
878993
2470369
1705361
892146
1092040
978661
770258
953522
939576
3322685
982606
889016
1506128
824270
919322
1252986
1698409
968833
2419889
924756
811912
915589
933666
3243783
851581
906090
2728712
1050683
913859
1694081
1677519
815518
976175
974950
2343336
976657
1038403
5848145
861660
903366
2610646
751109
869193
1227100
1744067
1864532
1203666
984457
980712
942593
926888
3331271
853041
898236
1689872
821821
2460171
1055500
1717010
933955
924807
979753
929372
908422
902397
1773804
882641
1223313
2769239
890741
874371
946641
1706015
2386404
908900
931877
687376
641653
570559
1087886
531285
557308
623484
528127
516502
551765
1109591
614305
554468
572234
525235
518611
584283
1012515
537059
519420
546166
443724
587991
556202
1622461
536306
540074
499985
488125
490117
554742
1597764
502543
573465
547150
434760
549242
529919
967829
559674
523870
554257
433408
548727
563359
925577
515330
560999
525255
424208
594514
531693
980834
565578
511713
558093
431501
550911
526265
995980
590012
1289650
542992
466559
520882
546508
974156
559875
1042040
2431449
785802
859672
978462
1657353
2618529
904756
936574
953015
919884
989532
3476389
849701
889656
983030
1191816
2542217
945453
1651187
974082
915388
1142152
1313867
884184
885131
1756829
910649
2625026
929096
897139
976936
928476
1912352
904507
934509
911092
1323466
925179
910337
1672165
890593
2590795
969135
896814
2390303
918878
1751759
1655363
909687
931183
825640
918540
2472791
1754713
717293
2403072
949748
971733
967009
929009
1811190
955965
1127191
1279721
771342
980419
2454458
1782272
838603
977410
1005429
864354
969971
917196
4717712
825759
905197
2485960
650623
890081
1213118
1704302
854486
989556
969649
3055355
919877
943729
3329984
852161
895286
997584
564105
911538
989750
1667015
2580729
968446
988864
2348132
883095
1000885
3312461
880445
952461
2510980
1809090
930302
939543
3317043
847518
982664
943060
967426
916071
942152
1702901
880854
2460569
980803
486216
578790
529111
990354
501148
512146
522656
808099
911981
2661658
1001723
476521
620854
537466
457694
537859
528364
971361
477311
510864
559028
838742
985195
971998
1677313
2403772
972767
942753
1006608
915131
1003390
3309183
1195139
949228
977661
825760
952644
546769
992930
481483
590132
549517
487826
496716
531416
1347479
871334
937164
3375389
947020
887054
988077
995453
478480
558428
528531
511160
516374
530713
1245756
836896
995396
1027287
1122932
2426149
975039
1003116
952254
916933
953962
975865
945752
966980
1942338
955899
2453103
1361443
863384
974745
1187113
1656747
1003627
1228755
947446
917212
885209
2477112
1709868
819987
988598
969685
820738
2453463
974856
1719620
1024238
918268
944796
938831
874748
2669571
1696872
855294
2467201
1062720
785662
956928
936357
1669704
869624
934075
2535782
752248
993974
1045059
1650310
883016
989779
974005
2981533
963423
971651
3334746
972532
943601
2803252
805241
897572
974797
1640479
2400037
952598
914945
904541
1012603
1000239
3285249
908392
941962
991432
1410784
2438613
1206422
978382
563472
601983
522423
527553
530491
567961
2306371
921603
945699
981185
810643
2502904
1574729
1704943
2408913
961360
896025
1016637
934553
1565557
3306295
970441
949908
995131
998367
2604819
1016186
1694227
1002264
942232
936279
977820
980805
943129
1698966
1724263
2466453
880894
819355
972320
924057
1643982
589624
560628
592379
862661
949904
2495852
1645297
909866
998499
549988
498571
586223
590056
1106305
582628
550875
574942
475663
580638
493701
987443
564790
559142
528813
486372
536056
550944
1043917
501386
526119
520563
972176
941252
3046219
1766402
842542
966711
997543
2393703
879505
925097
3356318
966258
946539
2503553
770521
884565
970774
2961348
2485932
891243
941784
556903
965603
897444
3388346
841983
977504
988109
942798
2421934
908019
1655394
963882
937402
1151725
2467753
863797
916636
1713349
871467
959014
974950
510054
982463
976097
1662721
2692261
900267
1006204
910957
925343
951341
2169951
973644
2427304
992598
880851
2604592
928016
1623113
988523
906692
979665
784016
908372
2561148
1684859
877321
2549624
940558
789601
968642
912884
2206135
992498
998733
1002054
791988
853794
2435729
1639960
881245
977122
892641
821028
1091271
915416
3271526
550312
572224
598016
501733
545777
567683
1153629
610935
586950
553096
516250
962818
963857
3344010
879833
923001
1010136
1002260
1055993
2514244
1688504
885855
995097
938505
2461149
913421
871785
4247542
996936
989629
2527036
757083
876165
990804
2274026
2464080
966989
998324
940198
892358
999946
3973282
822194
931457
983180
776914
2452206
927024
1836729
1108395
896830
900413
914451
968640
927822
1889604
876272
2458343
1151375
1136110
980348
3732552
1691848
2537502
969604
945288
2387428
947699
984783
1925770
2534353
951925
937052
933685
978704
2482662
1672001
855518
1041200
917281
789171
2468779
929874
1687660
1794731
984932
1069615
745654
932464
2706896
1860951
945731
2465942
969091
753684
1281668
1012044
3187473
911851
954321
2447190
773843
981310
2482313
1688289
844111
978960
1005094
844025
967487
987120
3261277
826015
963794
2450883
760360
913302
575402
1869867
502651
564528
583524
427617
526231
562352
942886
516907
530736
1276119
1053311
923578
2504597
1949336
875879
1032786
995816
2423291
924833
939988
3792184
967236
981222
2442827
904530
914797
973652
1701895
873294
955723
969268
1090770
936567
993659
3268131
939976
1073974
973310
813833
2464488
924180
2010068
975546
972454
975370
946865
975907
1018827
1686910
953712
2470234
1513430
854857
994648
897953
1706489
851527
926304
1112248
822023
929059
1190109
1684446
932479
975916
1029553
894345
2468564
923708
1681400
1082864
1234992
1028172
900351
1317175
2547698
1763026
902741
2470148
1043827
863372
975929
977934
3221619
906687
932373
2692959
1025586
963140
2482301
1673848
902930
969787
1076726
828140
1087898
955463
3408678
883600
991860
2971239
859911
968954
980333
1687544
1325887
1063048
1340321
2606800
855944
1742258
3312367
1173842
923147
968026
938488
878492
2468042
1017617
873658
985161
1009874
2691300
909600
929964
3383648
966997
962263
1451386
827274
846905
988577
1598806
2434075
917574
1304193
1007671
952004
930580
3288130
915869
912607
987860
849167
2673236
966759
1671589
964688
874930
995617
957232
904969
946759
1726178
1011273
2452937
920154
931878
961134
982159
1629916
1224014
934253
937134
921545
887688
2517444
1721189
849522
985734
970160
839334
3145672
946626
1672032
1010525
966802
1012225
872777
838524
2577510
1641884
934268
2477134
947097
756830
1076911
961843
2602850
840771
972861
2500898
772126
939208
2673093
1679845
871469
797468
1089572
942422
992279
924971
3268530
851136
1462841
958291
739915
962391
979182
1696312
1024027
1023310
1194124
2589104
896042
965053
3281036
901487
533063
629359
495860
620939
844643
1109019
2403363
1274319
960885
1284611
922105
955704
3379467
947468
908587
2486838
759793
898596
1103895
1693297
2436636
927839
993943
1866028
1001970
942012
3364132
850318
912745
1001657
1499762
2503244
1268754
1675256
1035925
954848
959055
956746
947024
873583
1694717
932721
930754
982040
829553
962022
1653820
1650305
967980
916989
1063061
850605
945888
3207254
1706148
923286
982633
974675
854640
2424734
1503454
1651953
1000710
992049
1049450
879870
896105
2382304
1655503
919043
2497169
901204
816136
971546
990960
3230589
840721
949864
2466538
816450
915916
2502727
1732745
906443
991009
972999
2371249
922431
953155
4658045
1463980
932941
968974
835112
913782
1008044
1692514
1477349
969684
959624
2412562
890793
1227706
3297871
893342
1034626
967914
851529
972126
896180
3308925
875870
967993
1504440
2436565
968146
939178
1888969
901213
708279
957167
828090
980221
958451
1593542
2530126
993632
976276
971409
1316636
946898
3393244
1036620
915166
930692
814361
2574383
956968
1654620
974380
977925
925036
954245
944292
927742
1631181
909044
2472297
990699
837331
977016
989630
1695364
970935
918134
931552
810027
974503
901228
1718226
1006072
987555
984289
817264
958089
954522
3316795
1024920
893146
2528745
923301
961730
975862
1810560
820259
2474090
918909
881317
994730
917158
3196455
962214
522620
516838
939678
889259
2529604
1655030
947705
975963
568618
478643
584392
496410
955256
534505
474866
515932
861930
1016904
994257
1136967
534339
556143
538031
508405
607257
495758
945724
551340
495091
1175695
816931
915617
914323
1716028
982783
986612
1026629
1210474
932870
887258
1741313
824751
513233
961528
762373
976071
934055
972919
523755
523632
561916
940128
887635
954247
1842508
833133
2445947
965743
872854
2565091
987167
1796943
962906
962948
936713
941940
895104
956097
2209035
909276
2464670
950287
763447
965306
959617
1793263
1015752
988407
939938
791729
873532
2423702
1789354
850413
1246438
963275
774932
974289
980582
3290285
867900
902523
1541987
767607
882698
1029083
1767043
855981
964189
988466
2654498
1217493
976943
3545315
848768
912485
2595667
765422
1081063
2483386
2864057
846743
970961
966643
2311358
892950
1148279
3402182
933621
952008
2593231
1101281
921645
994019
1824111
2453441
927021
950005
1098922
969626
973605
3385701
935257
905057
982577
899918
2727887
961147
1864183
943273
972164
1097852
930869
928468
937177
1825388
1183376
2368365
948572
757441
975637
1001146
1773185
2398369
857101
991055
1225049
962214
920522
3351814
882745
925584
978640
787583
2465714
1057781
2073492
1041562
957043
942546
906320
919523
1006564
1784920
888846
2540614
939965
794057
955048
1284385
1736951
1043286
965927
995777
787482
908705
1819054
1686181
951888
952930
969313
738098
958264
979184
3213458
840804
888177
906592
756443
982504
969049
1693952
842749
2543662
1013838
853096
962434
979700
3204156
840932
1049021
2538551
806978
853169
2422350
1684335
873336
965573
937374
2302127
925476
984713
3255712
957968
971638
2593482
796375
936349
897736
1696217
2408812
946669
893581
902600
956721
972129
3248708
903955
1259726
1007044
747768
2429612
933739
1647894
944619
987480
949618
934785
849367
868761
1700046
833209
969612
2688435
1180153
1090518
1033188
1711202
2395333
1041685
937729
1022240
993127
979263
3241221
965030
1018396
1001063
515331
2523711
1796744
1609885
984347
983974
950757
966711
1764056
1815096
2084911
983107
2828708
1527255
1121591
1053829
627437
1379976
593297
889990
636072
1141233
1116859
3166605
1870371
1014081
1227375
996398
1358366
1008789
1125333
3547392
1053593
1333995
2523769
1343076
1029466
989562
1825464
2306466
1244068
1478156
1195127
564768
601202
1019924
559399
653149
574205
661711
547371
678983
1122297
561205
557016
551615
478366
862683
533205
972636
583636
566144
557584
827060
624418
672676
1028567
549051
838097
561144
548055
546762
782296
4301793
675917
555201
560154
741492
1621230
795758
1076537
569062
656095
813443
644454
680104
1170046
2622188
984449
1022856
1252914
1171521
612761
731461
999372
543950
571415
524452
862771
1093111
661778
1246483
626091
551806
541623
487601
538182
659762
1071978
541077
588612
626222
533199
541239
714215
987523
528078
545159
537312
496519
574166
530561
1126228
946463
1033628
3043485
725476
573755
535690
1190851
551176
544689
530839
700521
1118082
1013638
4260659
1163863
1054331
2967462
714807
649710
932185
1827178
866957
696373
719159
496497
1265830
662099
976549
550889
708521
595053
476161
605082
631791
1121883
523998
894250
935880
954748
963808
996761
1812967
857665
2528348
1838276
830081
939227
971359
1703494
951230
884246
933986
1217890
886345
2550218
1743563
894194
919852
988346
865879
2108059
982381
1783010
1005325
739863
548812
842651
912944
2666801
1666983
877508
2383869
913413
772919
1226887
1001417
3554030
948609
909745
2430788
472179
488903
548952
932724
964479
583600
518359
495532
950797
882885
3289683
859398
930259
2714622
826574
532125
547785
970018
498117
536056
533532
479085
931397
919137
3479491
1077135
557496
526464
532246
717944
723294
963583
504971
525446
582072
561634
977436
932544
3133442
961125
942915
2594092
876608
841773
537633
978630
533748
483902
503496
922129
945613
905885
3278713
903441
855715
1004824
844090
2485565
900833
1654676
1043353
436335
534961
1016720
874885
945878
1664848
995132
475017
531529
596148
528706
497883
994093
531686
496497
493367
794814
969508
2609936
980098
533376
525888
543068
565847
558515
573631
984903
964206
970818
966779
940301
1110762
2471902
1650156
859416
2509044
998730
960391
959253
963361
3291644
920741
883235
3653617
821426
934569
959434
1668525
1114644
990746
1380176
2451078
1500561
5082015
3651695
917714
957626
2512638
768869
978663
1000883
1806198
2440239
982390
906819
961441
942181
1309333
1923186
1160776
990805
1395788
1077868
2477532
1869679
1682445
987311
897877
1011465
2530089
977591
1169805
1962615
1068049
2436465
967833
977918
3099933
2464282
1566417
653427
1217924
983833
553291
1033027
1465197
1094566
1077836
726198
1281410
963013
3270725
972752
3285760
1024484
1391694
2496824
1607323
1122181
1736583
1859881
831490
2505876
959722
809898
1002383
937212
3255131
939453
906129
2616776
990847
911116
2508010
1644395
891424
959500
1010998
2314239
971636
978309
3549925
957230
962650
2533061
770389
1048851
970604
1678807
2703513
1053902
985533
1449595
987356
962000
3572391
909753
949189
964212
998612
2558482
1688389
1856208
981531
992537
1015413
775524
939976
2534004
1689802
865833
2425058
1025742
1783527
1114496
2623151
1802257
1228261
960465
1119372
1068853
1008894
1206378
1708634
847869
2430774
1340210
822631
596267
1093567
2010326
1144015
2470639
1278908
976262
1518230
1132640
3363526
831098
1061695
1086023
741518
2455860
7303473
1115394
577910
545589
824623
578331
500734
872745
1686083
938364
2447840
1414480
935179
985849
976755
1749043
977168
983748
1213566
1456531
1196406
3326772
2069960
969447
1550619
970558
783872
975268
1011491
3283030
541665
537492
554394
441123
509189
542481
1661685
854425
2521836
903766
742809
974912
1097205
3436264
1001643
1067114
2916698
1500592
1100891
2503853
1610109
831523
783797
986019
775376
918582
945406
3357008
882130
862444
2535649
756777
863776
998030
1692680
2478173
910541
892775
938285
868873
947902
3303090
841372
910136
981638
800094
2422134
898081
1630305
981764
1049096
1020222
940459
579783
975777
3145872
921405
2769364
1103704
770649
940503
949475
1567086
2425660
906476
979203
970238
932175
895592
3326162
800754
874844
935703
779104
2411880
863876
3234254
901493
857831
877198
931969
843741
867531
1630742
806858
2529902
914808
739260
950911
951338
1659469
942076
860075
958492
744252
930878
2436739
1699530
884717
965318
976405
736585
960682
859746
3163714
896977
882964
2556856
810969
924164
973284
1681093
880199
950535
967122
2297650
985109
583721
1088552
482851
546642
525076
492604
532177
535235
1594268
945459
922114
961337
3000402
887001
938572
3374326
920296
890567
2512113
730466
931996
902360
1671016
2510235
893806
874266
889375
961776
896862
3454926
956238
944510
964406
747957
1039403
870362
1660626
926204
1888516
898927
951552
2132959
940439
1653955
968004
2513137
930567
766941
950581
963873
1598349
2477425
874242
932315
951885
873016
939331
3255334
819812
910407
861750
1005487
2456092
892053
1663686
944019
855423
953618
928985
837971
889043
1764632
1004691
2438330
909019
762639
965159
914447
1583778
944903
840176
938776
516897
507920
550736
1169218
591269
968554
904881
791276
949358
858956
3276957
962484
905895
618787
514606
547692
602604
1053725
871558
967837
936959
487522
595298
677172
1172272
554842
586133
520460
745419
881495
2399057
1723319
913932
958615
983047
2244985
871548
933151
3384463
815922
879475
897262
737966
872541
975381
1684104
2384254
900451
966028
898799
857373
887969
3346380
794788
889402
992198
869550
2429459
885041
1655679
944458
884921
944968
936032
832658
986124
1677720
1799747
2371663
939097
846125
983707
944976
1654780
2490897
909976
922361
965827
836781
906032
1655868
921293
2520344
973373
753375
2600433
947090
1657657
950801
898064
942396
922582
870191
968528
1669214
859358
2484948
879462
765488
904224
929542
1690532
1057953
892377
952146
782104
878463
2383655
1661876
847121
959441
921196
843719
962927
973399
3050054
536950
503203
596431
471325
569223
575144
1079411
490420
561372
542877
466307
569348
538709
1147529
569694
523766
543106
469572
571793
600642
1061457
666590
529517
563668
476583
534715
586303
1073225
475253
617064
527270
587618
501429
557303
1027951
489803
557327
603803
466559
539030
609091
1103862
624724
645031
566726
553686
545825
604712
1465382
626902
802357
864763
579813
618158
613175
1135811
593818
647223
664878
622396
808464
747676
986884
513985
545787
553974
502905
536217
552782
1279594
555393
561555
616918
1182726
556191
545405
1016823
510797
553016
532438
479006
560863
656367
889800
557294
627423
4716242
703933
554924
601834
903890
555502
544434
567466
538893
1065349
556633
962847
518346
498125
565757
487214
519413
552967
1887626
2315086
926072
992266
905739
902096
909474
3485832
921560
899831
1006452
727325
2411948
964479
1821329
953334
930731
941141
888979
898516
950764
1817169
877734
1060086
2512656
856570
862458
964694
1795424
2487876
983427
966657
847809
2387138
916018
3494408
1678492
897757
966319
787679
2523773
961254
1816596
946426
914642
947035
906010
989007
944853
1794747
888846
2546271
970323
750458
973768
909219
1822222
1069595
874206
936485
790512
951647
2484471
1796713
1037057
955220
963764
746698
970642
973083
3450830
955634
1001356
920235
834310
876044
2733019
1762752
829331
2509395
920907
817511
2675515
985633
4133594
956910
866707
2636432
747456
888134
2707808
1669975
468456
536061
497150
439868
497080
498633
1367301
644853
523400
563473
552134
558614
548244
1317589
794016
600236
563209
707079
569651
591621
964476
656338
541932
547166
459700
538382
788908
1072832
969708
985879
986907
1026515
1307121
635120
1116367
494124
555267
575150
486738
598619
613264
1088895
527959
567949
1067980
1222277
1351795
1013784
4067935
1423353
1004061
979674
1227954
2600321
972625
1733186
937399
985538
963961
909134
902843
936146
1683006
957586
2406779
1093330
967071
1200922
963584
1909236
1717220
903009
897683
742596
925877
2474370
1587226
840563
999626
946263
726091
2604121
870370
3178928
981446
1004607
903894
742644
917918
965730
1729560
793235
2480113
939019
2331691
976511
932579
3259015
853211
935637
892196
813150
834589
982745
1641844
4170573
982091
955586
2346116
893022
861159
3335651
863398
871178
2457867
802423
870334
972600
1853012
2373341
889141
849582
1021068
876089
914142
3176958
854948
871045
976732
1009688
2402390
889542
1560850
982676
893102
889374
1127692
853584
889109
1662357
892943
2272370
854477
799589
977363
907221
1633984
956361
909584
888560
465454
507395
479966
897841
432926
508159
531283
445215
583490
453750
916041
1047930
492990
522672
409931
465284
479499
1766452
823026
2404332
860342
776534
1038629
897584
3146629
812420
869211
2469052
854733
853992
2377079
1683988
833511
1739267
853204
2367480
823936
935690
3276777
943683
898419
2464682
791370
862813
970699
1563264
841627
956404
927651
2273339
912024
1027750
3283266
827297
856106
856097
972095
851071
929554
1660957
836771
2461686
906915
773144
937904
883341
1650698
948903
948872
916330
804226
863763
2485960
1588761
843548
953009
854226
743497
945659
935729
3147702
924697
1127878
993073
934906
939404
2465785
1582822
886780
2477235
946898
770856
982173
874977
4216510
815588
840178
2510055
776685
890104
995879
1643245
820159
993246
884075
2412904
866989
875626
3206323
807516
938121
2481625
770336
927038
962512
1603033
866029
942938
832641
2412975
863365
923479
932796
509312
889670
957980
446331
466858
506253
920632
453146
532877
518672
415885
452067
463047
1266848
797278
892244
2435656
802333
950153
959393
937144
450007
495764
488296
477607
488484
524865
1292161
787279
975082
950420
810593
2422956
933904
1584464
500398
465361
528655
518851
505442
524185
2120633
801422
463455
500141
411694
490492
482337
925400
464473
502626
519122
437449
451420
2449822
1646644
535389
500993
512502
423602
532244
469474
975774
677608
473718
481378
821561
830721
2522708
1609483
863124
969876
524784
414492
530266
449184
951396
468421
482615
477277
797729
937628
2534900
1607725
858673
504159
490314
421107
484022
495875
855440
479175
530955
441690
815572
893188
515965
973999
469795
521970
471437
470785
550573
559184
898311
448371
523112
583792
1074293
1175916
2947396
1294301
677017
578569
566550
564168
534936
504343
1224327
840646
1107416
2466709
437190
551159
550159
990026
473881
512086
550020
499852
480920
490499
1326010
570529
911195
965318
849941
2510250
977623
1647191
925186
875302
964459
897450
952732
879886
1666931
933415
934140
611691
734847
946279
936792
1744825
984134
890537
939438
752789
919241
2439963
1688380
831567
549116
912466
521982
1125753
851552
3147116
884672
964095
2483511
926573
1264534
961596
1619019
817232
2449616
893449
927560
963441
1201519
3200220
978220
959192
940518
968647
1032542
917215
1001813
969671
935303
963020
982194
884334
984090
2795350
936352
957000
918997
971814
1085638
959486
957140
948038
918219
984197
2556042
965692
936854
938704
955520
905178
958806
938943
969338
906703
1207501
2578962
1074759
1001141
961387
920085
950754
1085970
973811
1024520
1007313
955086
2556490
987360
935705
927032
986360
907001
954279
959263
968080
1036205
964468
2920108
967461
919679
933657
961830
944363
979322
969960
986985
963839
977552
2625605
935207
971530
922013
952134
953106
5198437
1003013
960553
946827
5597568
2651237
966066
959741
918273
954565
863303
972525
1739583
976542
973808
979517
3428589
982041
1254318
1197490
941321
949790
988848
973645
982717
988830
968235
2560902
969168
966319
929244
1554923
975069
1772955
1010280
1598566
933424
900360
2637362
1578440
963690
964675
908482
972884
934039
909171
971508
964143
991679
2654551
971970
998219
1033423
995571
933529
960441
985084
986217
945326
1023887
2621958
602032
968643
1042050
968776
957363
1112404
973880
1010608
945985
955596
2622379
990330
689934
585351
653738
588739
570651
606277
641800
607268
588695
606663
961005
1013185
968535
936934
930172
969902
1633745
959080
932588
982906
2560091
988047
978563
1720777
929090
1813048
977894
981777
972841
953112
963261
2586394
1421567
595368
604785
576069
589373
628227
571937
561462
611934
558093
769016
1157632
946986
942846
921129
935561
1158312
967220
953880
970052
958851
2595549
984104
925910
935950
951420
969715
1026928
1045739
948012
1040821
620435
508459
607046
584483
596466
594109
570155
587874
980855
951354
958123
1005762
965790
987052
1787876
936715
1037354
1149930
1025465
609893
632142
641337
656252
623353
605123
579909
602328
713157
718240
642556
1049489
1238900
1160721
1055136
1004519
1247294
923459
890348
984353
936167
2562051
954347
1053695
929510
899385
1452057
1009287
1313154
1119320
1045155
1250392
2648346
1216621
603409
592918
613057
619848
591808
589124
601805
554264
589478
577131
600240
608397
595719
614146
663842
621455
769880
619780
623233
601409
667148
607183
590542
599522
585392
623628
557676
583519
590513
562621
559788
611696
553749
596720
617960
585574
589650
613413
616762
559674
598803
620919
649165
583389
605423
592442
582769
570607
796928
993623
955329
1002863
981066
991973
989946
587028
591399
627703
729734
935548
979459
980184
980679
962549
1122707
976417
940993
940296
934680
2635301
945987
984733
1057061
973670
1188873
1175291
960277
958467
935614
917055
2639733
891940
1003113
967478
972599
978366
2920039
964023
956735
941274
930918
917362
975817
989031
954220
981571
957955
2637781
975838
931475
948662
911007
900281
1004966
971974
987898
1000782
1467157
2641214
965641
962324
907662
942488
983248
1686723
972088
964913
968283
928099
2646364
954880
949285
927770
877527
964997
966800
1008606
950859
949306
945646
3319230
955476
922074
926459
907845
969037
988627
1729762
986715
987723
956197
2755653
941271
921716
918091
964803
1403437
985594
886349
977857
969486
961295
2659395
1006959
923454
963013
972741
1009085
971946
933572
1219649
944845
1029356
2456788
706782
938900
893623
979607
967765
981144
966026
994290
948179
926760
2913914
1166377
895194
987313
975879
972062
976951
958466
972082
1595115
942507
3439342
1019207
1343969
981496
940415
979381
2630372
956086
975322
1010993
921624
920628
934896
890404
950988
966354
986339
2703572
975438
990039
944840
1448845
960571
923226
961589
1020254
961047
944100
3352198
959096
977295
958544
994497
1175290
889181
975412
951941
942023
957701
2605383
971540
2128138
955975
1370097
911784
965656
990327
944982
955986
959181
2645895
946588
971465
1006293
926691
889440
962318
970519
1561216
947436
953149
2731835
933800
975813
995124
1423152
869310
967890
969353
954935
926777
971031
2426061
1020595
1068403
952526
890318
843208
979252
538907
506901
532005
517746
523029
995425
978281
963084
920555
905219
980799
962843
955811
949925
957119
2780685
1001221
929539
954464
901577
979301
997179
963727
969991
925220
957010
2683321
941419
950154
995900
903876
1074330
987606
970122
989597
977464
994360
2658060
933334
941852
936176
890580
933163
1018885
962368
952925
1053174
964504
2631059
947343
950965
988549
975660
954722
1062470
981368
930122
975875
1001696
2501752
965748
4398161
1001180
894863
962338
1071667
953386
998071
940931
926993
2839442
932554
916236
976083
895595
934999
2700619
946234
967043
925303
919797
2579823
936486
904433
844335
988439
1129458
2762451
966445
943001
958018
951845
939519
1013300
898030
887201
973215
959016
2712224
962721
966821
968835
4058188
915482
933318
908177
1147439
972356
954832
2715057
945948
1085924
949891
927897
924408
919091
878516
886563
1044975
992446
2789881
961684
1051728
925611
896052
941571
920535
883579
916983
1030618
948648
2639650
982739
954068
915978
935339
912555
950352
909415
932573
984010
994280
2721410
976403
952007
964369
886139
903858
952396
1095323
975491
1005161
1093818
2699414
959736
909652
919664
889027
903319
893717
944980
1074997
1022548
976363
2646076
983477
941284
900193
964215
869570
897238
950485
947770
995850
954676
2742395
961498
942195
922429
898134
881756
966760
958141
969012
877192
977740
2767297
957528
936242
907661
899766
886647
947626
2513653
954373
949804
966519
2636754
944469
940373
927607
866193
877331
962375
973372
956093
944247
972931
2692627
951587
964546
992844
948390
906432
2725461
963556
926148
1013088
971868
2577195
941049
939952
919562
919008
1148654
2704802
981285
981883
950350
1032495
2583665
944469
937883
993789
978379
966889
2634406
971783
942898
956284
543654
557093
569209
670758
610142
945861
975193
2658160
547112
552249
557738
571381
548489
558729
545035
602876
578233
580657
542313
983585
980148
954032
981468
1041394
572144
999265
939624
1016754
979083
2928132
985066
970183
965978
981947
977904
1036249
1008476
951221
986764
974404
2871574
539620
571872
667244
483515
565398
986360
1220124
912130
952823
1166294
2664658
543457
566612
536460
552521
975525
978576
929858
938398
1063696
951363
2620417
966105
939593
947987
974283
966640
958486
902973
910299
925210
979699
2619096
958895
942796
970340
934201
961193
984188
973498
875767
944757
961430
2583531
956089
1011428
1066015
1367890
1215508
1668346
970104
965932
977079
1000324
3010049
987381
993496
969819
1547270
697738
619981
625057
586443
613027
619481
576627
1038970
999264
1056509
988195
1011139
977604
916666
1079938
971278
976426
2926002
996424
1029337
1050294
1636669
1587683
1398127
988661
1021114
1440185
997859
2786159
1004348
975321
1077322
1038768
1360673
1175429
942316
1128815
1525887
975451
2618068
1011624
603700
1231148
994045
886083
1710621
962183
1008749
963764
5073790
624457
627809
1216822
1033982
1252997
1357375
1133613
1525302
1094042
1686098
1009387
2605494
1855873
1133402
1074229
973763
891262
1104549
2772952
936001
918559
1005125
1455327
1053961
995588
1078595
901401
1316221
1051531
4296764
1216566
1771403
888538
982865
1427950
1418492
1030487
1080525
946740
643500
704384
621138
744055
1318882
731115
752115
700258
2423100
718657
629665
1053731
1158856
920800
878303
1018173
873097
878086
852295
855577
884025
1055806
1007542
811787
917604
1110234
919012
1068203
909627
854377
847439
846949
813610
910018
794176
830712
1106209
880894
867694
840551
843758
875859
957664
903147
1032264
965013
854181
904573
1095064
985314
871407
960705
903285
1541482
972805
1351227
637513
592931
722835
871164
892635
934672
1485050
903603
2321657
2497956
1305925
1034201
849479
873032
637084
852864
1587796
904503
1035708
966212
922457
886093
626335
924584
884303
871418
902474
850082
855579
853708
911232
861951
844074
857460
840490
889353
895355
888190
933080
1075562
899314
905752
897629
798202
943527
936248
936556
1382524
1383999
1289127
1166455
1298467
906205
1021998
1761383
1011044
1067813
1345197
952285
1715858
1334574
5189174
5954128
1679821
1003882
928550
602905
1154616
1647210
965699
1055428
896886
877938
884367
973842
8510721
1020909
899995
936120
671190
613704
888742
841878
631420
1028183
923879
908504
1536561
1069414
901913
921329
1363702
1030076
861442
882492
871274
671591
890259
851736
799292
867735
872977
887423
871577
969059
884465
964309
906072
846957
840848
780146
1221823
948119
865391
811665
893268
870009
1007681
988259
971652
782405
798920
879549
877192
1043887
926266
827918
1071183
875030
863515
839704
864247
801694
910407
1158180
901164
849893
854460
2821871
922228
874539
1037430
838989
935837
813005
1090833
1063295
839098
876176
859371
833083
866440
884669
814379
3414514
809462
875023
595038
585126
892363
626009
873259
604389
592387
576383
1068635
840230
981874
1538899
1071581
956571
962710
891865
880583
872980
994498
983108
1050416
1029379
797664
847836
974842
892169
871216
1105447
929877
883357
873868
862182
4762823
1081210
1036592
1083250
860890
835722
855894
847433
853150
815109
834695
811706
853001
836401
1109096
834429
814806
866712
799321
811543
830180
796200
830182
863501
951368
1394066
854360
876361
1384624
859182
893693
929533
955330
891935
925643
1302111
910879
1030292
1014941
915664
1249671
999168
861046
967636
811488
880467
2798864
1090279
1006482
1401698
1715673
873421
1612382
888545
1389710
1006629
1185378
894939
1214004
877669
868832
863854
868898
877784
595537
1041515
927182
883717
866184
1440291
791883
880086
875344
1750087
863959
1388290
910538
791749
863206
862277
861353
990170
855728
844569
836978
885655
1017439
908544
896883
1072633
720486
751856
874342
1092278
877459
1090827
833320
814647
1151661
983175
887115
844199
988434
1330806
1278002
871435
1408068
1021056
828779
1075238
1131449
870699
858666
839746
848648
818196
913157
904658
882000
918389
1349510
999950
913078
836857
914917
844206
874067
834356
841636
795279
1119501
1058363
878723
1237845
908742
1029649
923022
899452
872259
835135
904977
805071
882644
1001719
726000
711476
866642
929030
856064
836091
840628
830318
1285061
2295804
941421
926345
1032307
1031918
894168
1969719
881352
1254081
854327
794320
774177
1020476
914670
1137857
897007
1085599
869447
872548
880590
873731
913453
785817
1277234
799241
948509
1225580
899749
854859
4923797
856826
878055
855192
1018959
803337
925485
1085119
1096487
932482
883134
838522
824118
825463
792596
758619
882523
873007
869488
856620
845867
836032
852611
834489
797627
797010
760780
824704
2459516
933003
1030089
869468
974676
896206
881335
888137
819809
786545
842168
851844
1652418
853261
1687740
892666
857452
836278
879953
6823376
779311
897991
903438
874913
871286
841219
854917
850365
839064
822322
818498
804916
865098
889491
871970
895265
1094963
960898
1053263
1059254
1171866
887182
782273
869469
914709
877558
1114879
842595
814000
851976
824945
789961
913511
1427269
848728
898045
868368
844523
846673
837271
865605
840350
845148
1027158
861111
842406
884744
884087
832559
855832
837689
856031
826402
794913
863982
854529
1543638
857911
902646
875052
839020
852052
853037
863195
794722
858597
835729
839815
858350
848522
863074
852046
831512
901813
873809
789079
852556
873254
868836
888767
657936
931442
970126
812489
1535609
1021923
894388
865076
863841
942853
882514
870903
627179
861980
1081211
1859425
1091292
1139877
892536
1094457
3205051
911925
626260
668956
1126725
1097797
1169236
793871
794364
936704
836555
826446
861188
829287
867173
870300
824572
897951
911750
1355941
1237192
1238708
875553
983914
875820
622044
856013
872106
1174863
827525
1060057
874688
847542
849911
1118976
886559
897723
881480
934549
2102232
1286581
829902
1123533
881284
939195
927518
689812
976064
917429
947003
909008
910794
827427
899638
1025032
948480
1111219
1528691
1073229
968155
1178927
1111524
944209
2931288
973550
1092156
7809229
905779
1004970
643171
662249
919700
912073
995152
921249
2605590
974204
895864
1073837
873587
1246256
832148
898994
821350
798888
789535
797054
774797
758431
836143
751639
814318
826082
808787
819579
794660
840426
781043
759196
829923
736708
724131
818011
825055
822454
837686
794241
768723
777857
755656
844188
745935
805763
855467
815847
781932
811729
794533
780270
780353
862626
754349
737545
779587
864967
869452
777021
1060426
793763
774041
986312
790533
734675
830442
853105
825709
817076
796815
821438
801819
769640
841348
538116
739854
858598
820151
794614
839588
791615
827878
839588
573741
775250
758951
918756
827035
785232
881667
817334
823033
822477
817273
779018
800356
751696
921325
830544
890576
806992
640967
809350
821179
858547
762319
779764
649846
554007
540330
802682
793845
749051
806201
571368
820130
777058
1117282
830906
1005446
829508
809457
820090
804557
874839
807924
794834
756519
756342
797558
811119
825608
791836
979149
667794
841576
931039
831906
547217
811487
991857
814690
838437
930523
824585
582100
835606
889336
826562
813965
756957
795404
782874
1409557
514089
839544
828822
882192
4039575
827080
772715
753356
823424
819299
819903
813296
829134
804391
824893
821643
794329
752297
955085
807385
1199168
854526
920508
530882
838072
840301
831649
983989
825243
776128
945635
804125
834924
825948
2885542
839775
846725
2274704
815619
834385
743024
757859
857297
917522
1092145
1458569
861981
1079214
955678
1023117
1034915
835409
748811
847831
860988
827923
831168
810789
777536
1239948
848714
780488
747582
886810
816219
880549
836645
789289
857479
1020957
526342
885644
834357
941667
993835
986452
837939
811144
932930
807330
1069250
821379
788785
834222
1330185
909382
913234
1111034
1604380
849217
912751
859243
859688
906034
973281
981940
827688
844349
818615
850416
844224
875387
836954
865949
858551
841827
1024293
1000516
860994
817179
820747
798592
904918
846355
837327
831242
1250408
830691
3929490
1072786
848592
1410468
853288
1209363
2206234
1029614
867005
1233171
748799
987205
885016
859781
830964
888498
884487
941438
1907644
1133686
867092
1153391
1215473
515520
518486
472433
515004
1010510
549589
824748
614731
1002090
705078
516091
492399
577786
508095
555385
860028
953754
769826
825091
751911
1186366
939834
902127
875284
950316
840368
1153974
863969
906321
523821
473272
549190
620246
608135
532560
526529
1224443
824093
1097958
859778
836174
954584
779178
824991
919122
943659
915484
962175
823058
1003639
1000827
821656
548773
559394
542350
1243877
1761998
843055
927702
1219050
992795
858549
837014
772152
713377
815855
814615
2120086
860727
809233
867494
931234
867899
821137
764352
821384
857032
900956
1278031
858640
835206
935153
889423
819461
829434
913869
825404
1028770
839601
828733
844638
821855
829801
854251
782864
837405
807511
939561
860759
832988
840879
836715
857993
1779785
841865
827831
1370152
771554
815707
1443089
835215
848954
1774316
827243
876519
829549
764181
850047
765136
828536
864307
794104
872530
863299
818623
840597
828118
858517
929984
855263
832845
792008
838262
895649
839209
919011
882390
843783
828341
819762
528117
530604
515907
505240
509590
504521
499076
546763
499338
943121
835455
838166
839154
1042624
913951
902569
921078
798697
984493
868784
770713
732352
854694
923724
923126
837577
1363495
990679
955246
1031761
843671
848730
802545
1235406
838683
821484
844151
837915
1069904
812869
868888
1048087
791554
538849
862612
917998
783338
790376
988677
1766988
820986
892744
802363
763781
820067
837172
813885
900159
831204
1117601
821022
837256
823970
813964
888718
1518048
1000490
829244
826264
945969
900074
809100
976646
896091
804140
737209
850735
713683
1330284
834709
793592
782069
776359
798894
1072699
805442
769707
818338
820968
859540
817261
773073
804788
774849
785771
556734
751837
846159
846068
832803
832806
803922
803428
792244
812959
799243
845951
1498388
1243822
839022
811791
819092
861372
785416
1050000
795028
784906
770948
758806
1265271
811813
830980
835730
806067
774846
812523
802159
777212
818376
1044118
830246
850882
822995
832943
798688
838153
760920
1551450
868204
826981
841667
1073934
855967
912392
907743
824591
806208
855690
1005152
869635
1042209
1496232
844294
989453
1769310
911620
1045509
836735
819371
4618036
2166409
833359
796557
1100941
1123586
872899
951452
927763
857944
833920
977658
784344
797052
762670
736427
828845
810867
1095665
814188
811822
829929
799468
1473122
970365
773167
732182
806827
824209
797829
