833632648
3246532
3248009
2342808
4226293
2958234
1559299
2440214
1669721
1249437
5036068
5330687
7366528
3006397
3804051
5272794
3724000
3238940
2116720
1744248
1828985
1575538
2131430
3219415
3413414
7145050
3993429
5628436
10323493
3140754
1697117
2699073
1814831
2027302
1595779
1565182
1719211
3503035
4835564
6008045
3414008
4677300
3612110
1572214
2445729
11733037
3968474
3793770
5043016
2965341
4053082
5324146
7283058
5278884
2350858
1890383
1727971
5119037
3738443
4671391
1289135
1404359
5533830
3650144
3217964
761101891
1178340
2380563
3566915
9442999
2784222
1316726
1518918
2018446
6639328
1357638
1145708
1175189
1525816
1271331
2587630
1450155
6644551
2187198
5552804
5936824
1808370
2761627
8933311
3702118
2474492
2194841
3461999
5468678
6176801
4550589
3999447
2608322
1474831
3113260
2417740
1249800
1648946
1831430
1799653
1355926
1836612
1278287
1413278
1232454
2560172
2365853
2651661
4262868
2613184
2214511
4458657
24267678
3227394648
1910925
2335354
2577168
4325999
3326704
5952560
10917067
4126983
2865613
2872207
7238913
5014705
2294157
5110359
3348036
3793246
2698637
3269556
2636989
5256480
3022014
2272037
7220318
3898703
10799198
3914574
3158324
2893096
4811791
3623817
4462113
9886800
5170559
4925833
11375104
2203252
6372642
5066337
3869868
1149781
2205263
2048137
966575
4096106
2922865
1977843
2897089
1477143
1584735
1061524
1019608
2140652
2414635
1001505
2290709
2161318
1170236
849170
1295180
1329151
974393
1092581
1177831
1010490
982060
1598867
976884
3386057
2728408
7137659
2077963
2708787
3151183
3592671
2913287
2075567
1990657
2158181
4229756
2537465
1031036
997320
1078651
1000530
1025244
1021874
2011581
2106933
2073924
10058177
8735863
2002967
3470902
2152578
5016816
3104091
1288165
1932018
1393998
2013124
1718333
1947808
1987043
4188789
4441263
2578026
2017377
3980643
7297108
2314713
3349996
6946698
5354608
7572692
2568538
2900482
3573804
2667808
1711584
2281915
8570604
2172688
3652803
1579679
2047104
3398042
1920980
1776353
2042378
4016899
2985546
1965179
1955031
2020690
5116756
2217190
1670446
4729970
4598546
2118452
6773758
4302662
4867599
5887338
8570070
3994449
10265287
4198727
6585272
1256171
2930536
7088860
4096075
2847655
3390758
1531474
2331923
1568225
4965034
2800065
1525542
2299167
3546326
2979181
7805509
3645844
2097109
2186616
2089870
2242564
3447611
2627555
3596564
4865736
2162768
4702639
3283387
2212016
5588729
2140573
4523403
2227772
2505744
1921415
2822412
1857493
2504676
6766055
770346
3113510
1672916
2122749
2913342
9697340
1927226
1857945
851148
997654
923644
2541356
3052761
894298
1336688
1625723
1853951
2482857
2004199
2463121
1573709
1216435
1831646
2040076
1451201
1215754
936680
1596610
1096112
891368
4181659
2769337
1745901
1950835
2430167
969148
2260292
14111670
2994861
1519321
3133756
4412814
2929984
5868960
3095082
3726087
2138348
2085765
1260115
1812550
2078548
827429
1478764
2106035
2434611
1444788
849103
1816048
1776555
2816540
4807800
1604481
5873913
21138671
1108641
7344362
929056
1950394
975810
986802
1139179
1066883
986993
1151640
1038011
1736736
952872
1710814
1287876
4595172
4124224
2546014
2852337
3363474
2310029
1043938
1944171
1759640
964650
1152827
1423308
924131
1914690
1266477
922483
1794293
894510
1094328
1742552
909044
874307
916082
1189617
2348572
925029
1894717
1519831
12857308
863711
948035
976500
2680991
946626
696671
819185
791950
1407831
879060
812911
1665235
908537
4121747
999373
1133811
795140
779928
2831909
962633
1338816
975013
2844440
3229345
6159493
1757261
957327
946770
884761
801830
896612
911632
929096
1231635
1152010
1035859
820395
966745
1309323
936876
1737525
881785
860507
1315593
1078396
7758263
788074
745146
1158804
1593377
1743558
10073022
784122
897576
1539044
1770762
1523472
1115197
872525
938427
796199
802526
811313
764410
1679463
767664
2146936
1799507
1658627
836815
1023082
877266
991605
806640
1486611
718231
1179348
1152500
816620
779127
7289488
2647774
1178113
1765339
4011252
5405994
3356720
1924763
1249035
2778944
2711075
2732420
1259436
2784625
3399536
3487762
1339178
7131436
3026072
3003472
546671919
1731557
643928
1721267
1554796
1325130
1713560
793054
2662482
2286965
1672679
1189874
3529485
2446984
3230578
2440478
3491574
1472338
1457701
1474360
1247422
3975411
2536193
1210151
1078610
2538671
2697919
1428563
1821419
1411970
3829073
1389835
2789290
866926
3796220
1481054
863337
1064132
1625569
2114952
1593940
920165
1630626
988056
1463557
1255308
1512183
733702
1403427
881536
2646810
1056354
870131
927671
1410881
1067992
933431
720778
3412619
932428
967610
1077919
1847828
1706259
1309646
680542
866479
755519
729957
1429366
2477531
1878504
1150080
949105
1223553
1113681
870553
780525
1619644
1040857
1068350
800097
1139114
1830042
1164707
799464
912618
948596
2057501
1873399
1066319
831243
2621478
714664
644082
1810405
1519536
1347515
1581189
1375148
1390276
1298636
1309024
1409155
1384473
2908028
1310671
1229069
2347599
5443482
1629374
1244365
2348375
672866
857763
901867
2228882
839864
1195797
1634565
954373
798758
1581655
723754
713122
1424550
981950
1102066
2213300
2243514
1381810
802605
1000035
721732
746896
1908403
1340298
863677
860589
1462415
1838366
800744
732010
2822729
2490845
3095198
1090539
1336959
1243413
1608170
1272079
6848635
2509967
1133554
1156598
1152053
6557742
1246910
4976365
3527431
2326485
1893895
2381439
2569326
2310756
1179104
2335387
1190171
2402315
1383529
2957007
960696137
1876273
981363
820957
866723
1504165
1001764
1176532
1058239
1021715
1775148
1559948
1301841
1837191
1549731
908774
949117
1634917
852994
970385
709966
975057
1174029
1300862
1204972
1099300
1447781
1058523
902698
848100
930218
930962
743764
751016
23147437
3811401
685115
787901
1470499
826176
1782402
796563
893583
837304
1491437
932589
741437
907845
918578
700824
1227412
1738343
726941
710056
1630299
904912
694530
828477
836477
757153
1521108
1457983
818978
856411
799206
807164
791269
959829
1433368
1115280
798911
1251725
1579523
924712
826791262
1084489
1620042
818740
875044
924805
1685060
748318
887338
831127
1235378
1316786
798232
790512
881274
1037965
793482
816539
790374
3531206
2421131
1154366
1140365
2388631
2466124
2244515
733215
688879
1305192
827519
771250
1141218
983435
821083
713209
1232296
745533
797555
1241156
753828
703880
1315013
1383056
834057
1352095
1393005
860654
751078
847566
685163
1011668
728425
851166
1299498
716175
6490721
1212330
1315721
7096153
2803547
2448126
2604691
2049576
1007382
1125549
1209067
1355949
2398404
1502455
4048077
1161727
2459597
1245025
2558236
1218507
2698270
3757476
2096277
2661316
5758290
2403841
1997389
1142103
1228647
1119644
2497828
1169761
2478309
1369456
1808297
2962000
2471066
1424606
3878605
2368812
914445517
1003108
996980
1371323
1121586
1116596
1534688
2609434
2249541
1020746
1106662
3007891
1051665
992061
1054611
1099638
1194015
1128794
1225433
1099652
2413334
2516380
1084204
1170347
2720838
2630491
2387039
1793735
1307090
3896173
2654632
621097
856842
857528
970625
870726
860158
792637
876678
765452
818597
1021012
1052697
1079419
779674
927823
869181
698746
1310937
1141447
921892
763712
706099
1332000
770675
708978
1241286
677273
1179456
742870
1318609
725857
689460
1151360
1146275
720180
1165996
866266
705330
1397129
1125713
1323030
1325262
1678516
876392
763825
618235
696943
680859
1549194
1327155
697337
769110
969828
968075
655938
827516
851416
1825294
4654965
2039462
1652991
2715989
1146113
1315923
1150180
3639644
1130457
1384222
1574356
1209982
1516427
1241693
2400997
2138327
1260939
759723
1281226
2401807
2669897
1238045
2496539
1098654
2156404
1140146
1913357
2593121
2171235
1722106
1265735
2490093
1002801
1173466
1291507
1109324
1464829
1221888
949354
967434
1108231
961401
794736
808435
967849
1036537
729996
942338
1396376
1112002
702186
983825
1215865
1382786
1837358
782072
1333601
1251204
949477
608217
1417709
1036743
909098
1154182
953429
2285432
909638
866582
2618840
1196637
1181590
1201887
1296254
1163033
1024932
930396
897405
972211
751608
759449
753261
814474
1142965
1020011
796162
928159
901278
792835
686059
765881
721513
764207
1100922
794216
661414
769707
793162
723095
739388
770007
1307710
1076352
903084
659138
578315
565347
1181070
1090976
772498
23012402
1936035
769318
1474217
604751
855501
627362
577970
632087
705337
742952
1016793
582962
973875
687901
832423
690243
797725
681987
763314
1524731
751164
641536
1511703
1106578
1278469
1520475
901869
663307
635675
1337781
569601
1580678
738836
671813
587451
1006635
710589
957140
899062
653245
763331
665713
616472
815010
894208
795974
1354105
644292
717748
3315089
664369
815762
702493
832115
1225348
751054
706698
659564
791493
1371829
844522
914716
809565
1728354
1762345
695401
1281139
1333739
1134160
1235088
713401
1802263
790794
708802
1644572
826657
727961
674919
751508
753173
890186
935265
1532849
695863
1123997
1546422
931947
698171
853806
1015511
1657831
702181
1542174
1580805
1173523
1675959
706845
910566
729330
808587
1466918
1621056
672061
972321
921157
710745
751612
1499864
1766818
827520
702073
1824470
761828
1683052
733665
679062
730347
758121
1353328
668798
591642
1497935
1092922
943538
733348
1023527
854784
1026598
777452
913304
743169
751428
1007223
4351114
800529
665740
940093
938926
1163265
777584
1102299
997615
644638
797958
797516
876964
2365246
926203
1389336
1411651
778426
844854
717341
775995
776797
825314
1486249
1303315
849799
2310160
813300
823510
1638290
771468
840656
768730
1512358
786736
1532718
726826
763973
835840
920396
901816
763394
627279
994440
589992
1011895
601195
724621
1570418
1142354
481608
800247
696827
1124807
699439
1191082
1985896
1618471
4167299
2921500
2689396
1158456
1269484
2442606
1130189
2438547
5323146
921103
2232384
2373151
1135288
746955684
1438530
1406426
2024198
1364847
882962
804859
2227691
766147
1207885
1607042
1246018
1070668
812004
2183942
843302
4503668
2656395
1194306
3263657
3652072
2747430
2393697
1125636
2890331
1928126
1195929
2277004
2297919
1426479
834641
1601950
1959123
1996320
1502770
1262949
742762
793643
763795
1046244
677455
670753
900484
750471
1616428
747372
1048383
952965
880495
1516005
832193
1341014
1443857
1280219
1155534
728375
759718
1070183
2021172
1168796
1636256
1137170
6388515
2149504
2112044
752455
900020
713167
840948
749190
1606316
724464
718767
716934
890728
1680501
763419
924858
752318
1084145
746663
843282
1446743
733009
766612
1027175
1230670
1007925
843546
739175
1402159
1593732
1166090
1471899
1560541
1492779
703711
866962
796720
764955
717565
878910
759287
746000
745640
731458
734665
754730
881992
777437
757676
762489
899582
692892
1596134
2159804
1740111
2457159
2500275
2453127
2304080
2378198
1650578
940167
2472137
1230705
1218697
2124701
755265
932359
799789
748881
772480
757346
816833
1107708
917092
918912
994138
920550
672651
698274
775090
1103100
1145245
1184400
1160747
4079530
1135401
1119979
908062
3430689
1144223
1113519
1271969
1111430
1113249
1132087
1175446
1468890
1920666
2823506
1166333
1216220
1418346
5214089
2348661
1163315
2547364
736333
776443
769956
603306
702343
932004
819619
1000997
702148
978002
2797662
822008
1295458
790032
927531
750701
968204
1029332
725281
816525
742346
1367272
799112
744507
894450
1490322
694093
896713
938963
730536
926010
726892
766185
727889
700835
727335
751834
683381
759438
1534846
682534
647595
685238
716942
673573
904248
5640715
1592742
804113
844326
900770
8529730
918150
1508022
706042
685198
878367
787452
659483
892330
1814809
1711720
509398
721188
719392
989324
625210
760642
676491
743371
866683
934771
1417944
667357
735145
726746
868880
2101064
846316
697500
850928
912832
719194
853741
694991
1236796
769863
1487216
700558151
691227
959356
997666
1611660
716694
17193972
1705380
1035848
691233
658789
687832
640316
784677
776714
665586
899165
1647045
1072056
1457803
680478
650669
1707059
668651
893277
689378
686645
744752
1041754
988567
660383
1344310
998226
861638
2231511
848606
1651067
1461413
1477120
709081
763172
684320
829907
1038869
832776
734694
783768
781761
747405
771345
815800
775387
936164
784959
731158
568926
982795
1047147
871608
894523
741619
741290
746831
775505
811953
655917
786403
882282
783563
735829
80614425
907612
1539824
704274
830359
7876968
791794
739785
776200
799455
7923288
789487
756488
856222
1396442
1429865
3747131
2349204
4553211
3096420
1365324
1409031
1271823
1394633
2394335
3144138
1400161
1261782
1197800
1726102
790418
1689146
1866993
1741899
1238799
1578815
1524063
932157
805569
819517
858110
1652879
1615044
1094459
1515630
882774
1707224
916913
1177115
844074
1389109
1841362
1062517
2122972
1618802
1638327
850988
1257756
1255582
1336644
879401
823438
763666
969301
844792
919587
809975
1630839
1622658
1625527
806253
1284907
957812
1579783
851429
686301
1837393
674898
1040205
1643926
762088
1024276
868340
1456265
1145518
3285272
806207
1008404
1051202
1093069
1001149
788860
861611
834115
851146
1497985
1348172
1608840
1528459
1522752
844874
1426314
980005
788230
831914
1275700
745570
1119926
765809
786409
1035259
783073
1061974
985431
860519
847739
988733
1164560
842701
976983
1002634
964901
938282
1011280
837942
1388837
853494
886411
834935
750144
853783
1638790
836123
816925
829197
884634
880315
831026
995484
1669361
777778
1209537
904148
804981
1541415
1519296
1831679
1851999
1925302
915120
1116152
954166
1517452
971004
924299
1026770
861226
913037
1015384
1003501
1006835
879188
949284
859911
918838
964088
1000870
772767
866121
1118107
853386
745320
1228743
1173299
773692
850144
1132123
1241569
974407
933792
920927
896939
1181184
1233453
1094707
1192181
1100918
1066629
844529
1048146
1397866
1089563
1561744
1612283
874413
1109495
1007153
819813
895550
840585
1500400
1218008
780884
764171
1059520
782644
910070
1160247
880775
1049806
735837
854086
1420506
859863
1000185
934919
1385408
632601664
790993
665989
761896
858637
1375519
1418096
1411095
1799786
1265969
1348220
1171517
1379683
1359912
1358834
698755
1323051
1185529
1062598
1186290
696222
981480
939609
1043528
970227
816180
808958
804445
944810
1072932
833629
824871
985744
872868
1987675
847600
1253280
1069865
1043203
758482
1507877
694261
722418
835266
1363249
820895
1642410
783417
1387893
804834
1397827
878754
740484
1061876
1107674
750696
890968
917955
1110998
952860
1015225
1091838
901757
998432
761326
1360294
734285
1444869
1288768
951109
1085734
2765185
1329709
1205320
2981874
2390763
1238983
3015138
1150328
1674771
1435337
1432525
1255090
1077443
2939072
3216138
1330371
1220997
1206859
1207028
1201065
1064363
996648
1858049
1072523
1537188
2065468
2269315
1412585
843826
1583537
1172610
1477337
1365927
1303376
1247963
1442482
1624792
1372224
1285042
1442797
1275772
4202190
1977546
1199619
1332199
1017558
1759862
1205996
1974814
765416
1198145
1127071
1774434
961964
1580349
1151490
1339057
699226
1169023
1106269
972105
1517149
1054887
850136
1148543
1238124
969202
676069
1345843
1246212
1087579
740907
939173
1060355
849001
2134335
1332341
833336
692170
1176260
2273613
1451618
770712
1492230
779678
1486243
1375642
906094
684732
874145
830242
760218
792857
1642922
1516269
1444292
1462743
1404399
1142156
1236378
1431866
736468
670919
755156
772559
905643
723769
689826
826901
819130
783425
1261110
769598
686091
954524
924218
933300
694642
907827
666601
581919
1216608
1197974
1238139
2122491
712541
1255797
1130097
737799
820573
891841
740408
1330391
1183186
1161280
739592
1114538
765292
925870
774656
747599
763579
1195471
2280733
1097018
1287158
1841055
1086424
1155912
2764422
1244759
1103049
2532934
1050765
1090232
1448345
1148265
780744
963577
900561
793774
1046430
738792
863379
728503
626149
1040373
1040622
840949
689122
3060220
1107086
1102110
1084582
1248885
1142221
1146398
5700763
1079513
1295408
1165821
1529900
1177307
2299923
3589554
1370865
1100100
2026733
2711585
1215312
2061394
2954067
1152166
1130822
1024365
1139708
2381844
1518889
3358519
803783
819168
719197
1080242
868515
922816
1367907
943960
1375836
740125
780001
759159
690496
1509788
663900
613951
661126
765408
680068
1534735
704629
1749692
1378264
806932
1170029
730168
661788
686689
667040
531100
699451
737000
1123931
689326
642549
914325
1355325
641856
823134
1831305
661255
1433129
584394
1149285
3277438
2753651
1955392
935910
2957759
1122693
1175533
1189916
1305691
1113747
1079150
1299502
1087230
729649
924929
646962
663333
640279
758288
941467
791990
898420
660298
1069585
966584
858779
1011345
690563
703325
1317708
1214661
1287692
686248
768878
647628
1233926
1168530
753082
923622
884784
661471
695939
653820
694864
745432
724229
1149232
3547058
612258
1005737
743217
805247
963519
799367
683504
718451
1116612
658894
663306
1420944
645535
1260487
699713
824462
1205973
888039
1132282
684348
651813
945383
1322962
666411
820294
879997
678339
1093880
932645
682673
730693
1252830
664530
723283
1405018
1292053
1265698
5178388
2292182
2453587
1264448
3686593
1117238
1345896
5696527
2192189
1661855
2458902
2212064
2259974
1347654
624050
750552
761371
961250
746407
764319
736865
748970
781939
976660
742755
1001152
818606
1061605
741924
997645
822942
924399
749608
1037564
684225
926741
686690
917075
745116
978973
839791
704676
697734
825793
1015808
1083932
962223
1054508
867968
874572
895333
807819
697736
524766
723911
712232
1207175
731042
822472
826875
726360
701391
745434
1670238
753945
714335
665034
889699
1783588
740639
856229
759341
814349
816499
1580594
833366
875001
765257
744102
752970
1867617
747411
1122272
757833
722884
745149
1606527
722063
745200
841480
761844
729179
1377914
889727
751797
1460667
894256
1313209
671346
732347
742663
700189
837228
668723
903726
1686165
739978
1203918
667238
663356
761942
1284346
1227633
635479
903940
656413
637031
840900
657399
670612
632066
678230
805157
719273
664452
563920
674494
1257717
754140
941642
637402
705997
663207
1036963
562295
755387
606694
1034221
701762
693093
668443
723316
599682
660298
834426
936002
684850
672349
802098
787422
781737
1184309
1245957
739070
1403322
1233789
1115117
980928
678828
680152
901046
673084
679785
672722
2538509
679714
760065
686556
787447
733393
876932
687365
1839154
1348331
635012
1160341
675049
1560431
734295
1113508
750623
676160
1385123
638689
1324652
1314407
1234592
756076
2704690
1210693
723871
2343096
761259
661984
1376357
659359
807585
514053
664531
872977
716025
647747
592753
627262
765172
929387
720550
671863
677145
665701
671084
763417
968998
849183
1801968
3276567
4190869
3994381
2363829
4195316
1935857
1006496
1169570
1106902
1193971
1153672
4850959
1570067
2643269
3704735
5800258
1257700
1626596
4342363
2329279
2881254
2206858
1783523
1370491
2277590
6178336
2072414
1122163
2374474
6704867
692172
1370773
678852
1265801
1498070
812877
1292127
1074236
909775
961505
1597776
816233
2277284
1221561
1119094
1041519
3328043
1274103
1466153
4112904
2194274
1117095
2119139
2197266
1067912
2136686
3172607
1092641
1338531
985187
1210810
2141673
1181522
1861963
4515808
1230918
1140676
3201575
1336370
1131258
692488
902900
598168
700878
627377
844112
1150576
777434
748741
760657
723710
1203107
1029812
867388
1571081
929072
765006
786829
925580
740717
1423462
729962
871652
1349690
952085
1463720
757838
1039964
1185944
1329133
701607
1389250
734664
651614
5120242740
671197
585121
597821
1255846
699741
676887
686590
735510
650898
1374318
1360718
1360870
1248516
598068
683844
618353
655459
1177796
1393562
648741
915083
1334277
656030
760808
1440410
647704
667062
654161
1281936
654948
661725
1424156
678785
626724
825516
630800
635568
1331723
1159384
1338372
602197
956641
731940
558610
685436
712183
1415817
685184
1415966
815633
724715
660781
623294
694557
676953
727540
1228193
2528877006
809733
789813
1439952
638742
680020
1356990
1344788
584661
608558
961019
718219
670331
646409
1054183
686011
6764908
1358212
620267
917889
666431
844683
693367
1354284
1451957
1389354
684670
1340598
791564
1330480
791049
1156171
712617
677930
1650299
821667
707007
584345
681826
759570
1368390
688323
677105
1363444
914062
620444
1359194
1193193
1468234
1369291
1360093
1524938
798854
1385258
1383209
766054
747043
1322874
1603203
1667012
1461225
1280697
773939
725460
738521
1075367
3055876
5508143
4641093
1202497
1271697
2211810
988319
4982374
1163236
2215444
2881279
1887690
2359447
1158745
1077081
1470752
1332450
1327201
729474
1172940
725208
749183
1065668
1745761
665412
1315100
732778
1591025
855378
1601423
1806662
795881
1384054
537330
731893
1419574
1044538
838378
752383
1036278
822298
1579659
872860
733916
923301
769617
769719
774432
750150
751091
724090
893999
3325036
1090470
1119344
1222915
2868096
1874139
669611
1411459
545211
700858
663598
660227
3063900
1449405
2385383
3400204
3398743
1243306
1112297
1724584
2277128
1076972
2763614
1125203
1118272
1119711
1373183
1230672
1700383
5417414
1067921
2439649
1158751
1430729
877863
1071735
990132
654971
751726
655841
655886
713107
867012
682142
684866
651753
928786
658344
717780
665260
924279
941048
846072
573125
962127
924366
699714
693358
750102
639247
638557
679683
2856379
1333469
1242050
2265920
1216114
1178944
2166270
1222796
1109250
906563
2819883
1090970
1038438
1061721
634289
759706
724259990
811559
1442749
1055836
1503126
825676
953644
757727
728892
1401558
1408702
1105293
2126010
1151017
1116482
2262593
1461702
1283335
1740189
2731427
2253082
2283692
2641562
1339806
1119821
2401471
2172804
732827
657230
636179
745877
1185086
844191
776081
867365
792805
736588
779911
687928
714892
1151960
2346613
1236113
1667382
1109173
1126518
1317122
1511574
1106577
3730304
1396238
2930564
1118490
1093226
2164770
4444273
1073052
1099733
1109192
1114736
2201671
1084488
3011956
1950132
1036621
2858401
2343970
1219237
1104065
1033381
1136265
1143115
1111859
2197189
2076126
1544399
1267591
1313779
1081258
1127454
1133838
1162926
1173632
1254083
990359
1305313
1167482
1725851
1043371
815195
1060520
677817
785107
731869
1204679
787782
819964
1060617
1112818
1154022
1787714
2173486
1183756
1161026
1135155
5071832
2148008
1118492
1098777
2338463
2140750
1162311
1187006
1316961
1081533
1113405
2318292
2160838
1142745
1065079
1099202
1285936
3161791
2140341
1300853
1208560
1158858
1101552
1484951
1307892
1137965
1169629
905012
3217620
2225223
1108268
2117274
1945161
2225471
2000582
2103886
1165257
813656
1310924
1131101
1000359
1008168
885973
751010
1571748
833937
1020088
898492
840671
765372
1343810
1416694
916952
803420
971589
779481
2049719
751610
651295
597659
1361595
712309
779890
1095195
634173
1498842
3204111
6133782
982871
1154476
2334670
998344
1340877
1129268
1145136
1352588
2359643
2209161
2561018
1091711
2568006
1223133
1338790
3204545
2541219
2595712
1224768
3396218
1232950
1318860
1338080
1078468
1079813
2354084
1054948
2338336
1064444
1238959
5013203
2298298
1069018
2271142
1827745
2422076
1139865
2558724
1124716
805675
957199
750903
755357
749799
763009
732017
745333
779768
803292
753143
728192
874268
1024560
1364389
712777
835217
906906
917027
705774
782813
897564
681830
1023690
840551
702719
1138050
997141
903270
1756512
678978
1458970
738520
710209
853960
894382
4321766
1699256
679440
704136
770169
1356951
797293
1145287
1391753
862032
634330
880044
658563
1243266
737780
530575
1291486
914463
678052
752131
1668619
703758
680976
852868
551602
708649
696107
878667
834156
840681
868829
874532
892844
945625
1018498
682798
709594
573512
1158206
703951
929436
651394
1122132
940745
638971
687757
927053
1093453
891323
902821
668001
520829
949562
736344
936956
718707
1041479
812379
810359
1803330
747271
1022535
1095497
4470027
775765
879856
1685387
836258
933562
809716
754162
816003
718389
747878
996723
1476486
727768
957295
562344
1412513
1205830
1134389
2248179
1213946
1186080
1113679
2103892
1032231
1132449
1290328
715415
742422
790673
1183636
1481877
725536
712101
1039055
817579
744046
766437
711074
1347328
814223
1091128
674811
816520
2034059
654918
1320210
2047007
1373747
611666
675210
607696
1366626
782413
2428524
1274000
648623
1472687
819945
680379
476857
662143
656487
801141
1353679
1371870
802890
667234
934198
565361
1110047
1151430
1123097
747164
669904
765898
699730
965334
650894
653942
689000
727636
648031
624054
656429
761161
649713
667235
643179
916732
727383
842618
1577286
757384
1430440
1123271
1242536
806840
1396285
748650
760338
752750
688893
759700
754853
728986
702724
1421555
816875
707814
1065184
1390010
739878
700192
615554
752375
730517
870426
772862
1386087
774254
751990
725283
630139
1400621
771735
898575
1570907
1030180
773895
1386267
719668
731527
829251
747095
1038093
1282868
741869
1504754
1742924
1365364
1611763
897234
749599
4126343
1182007
1168814
1243720
2914525
2211655
857536
2823205
2180237
2182966
2562277
2376664
2152508
1069599
1357748
585912
682865
692098
941693
651633
790364
1802653
661608
664847
899948
660433
1387477
673819
1385926
2237226
2878256
1191564
1116986
2937609
1136234
1109552
1260645
1149643
3301485
1409736
5636935
1316628
1004923
772336
825977
977908
1389823
1751838
1993194
733056
906815
534171
683559
807920
856159
790776
849780
1401569
1145929
1051367
868778
728513
739705
743727
950216
862860
811532
768243
1333671
895472
1402449
968274
757056
654611
1297143
1283931
637425
703663
629227
797765
736841
931253
652726
671911
844068
1029622
690127
692498
1691024
35024658
921438
673224
967131
961512
717679
889697
681972
830640
911378
1771354
2742052
1199687
2153143
1239609
1149029
1098505
1205931
2767498
1676395
2221610
2223063
2128181
2300476
987773
658085
1912262
1292158
1073031
591871
1242331
796003
1473375
685885
722051
830110
770509
1687785
800221
1353978
942687
2303545
1649561
774809
1042822
1450866
1062393
735941
772328
1013939
753255
763524
574658
741458
2002851
1454888
1427028
785254
809082
664009
1450439
597147
945417
687903
1391629
614197
656470
1448083
804484
1128313
635919
706030
1215084
666586
717158
720445
705872
678712
835730
666077
659977
751465
889229
1308755
704487
858709
714122
789266
570567
617887
680283
660169
1093446
1778753
1530360
1406989
1168073
609374
706462
685998
763334
644016
730804
1476629
685031
936735
832540
1166009
725652
885295
1447278
645708
983169
654766
632870
675676
1283014
657378
1205975
628407
654306
706415
677263
590094
712424
848315
1297137
657617
888697
894288
777555
790183
850042
761401
741343
964733
649959
652666
708476
740397
832652
1295816
658821
898335
918877
833411
640819
1124165
1394552
1368976
788583
711223
667973
745645
1396311
665999
1528296
887418
1421849
1212773
508708
663862
639224
800260
904617
663448
683024
892693
1176528
4896601
2120404
1313890
808419
3715047
758069
828314
1483195
981797
1592315
890009
1316739
1144577
1457823
608147
755822
849177
843177
645087
681527
937074
712714
590174
644942
605874
585913
675293
738305
709088
659616
639536
707627
653453
664793
761793
1175383
470220
707225
1531663
627090
654751
665429
1693890
675706
677866
11252220
653526
740391
650766
786839
682552
809674
671997
4226148
617268
660472
554842
1411859
717792
1439700
661612
1378602
659540
1364970
786000
720344
1402450
1348708
950155
828643
1397910
1355248
638009
1315757
655274
624561
1387598
652095
671921
1389807
675165
481641
670801
698895
1385132
1444407
1314639
665067
646670
667974
523664
659961
934590
666034
669480
1068747
697496
653119
658873
621247
1975790
681571
638683
632989
675591
647217
719833
649312
667861
723162
649669
703842
666599
645588
1376195
3581111
1055301
1507119
913359
1302403
1358350
640575
887013
654228
640242
695176
1208277
799909
687565
672558
3146505
682661
665992
1394032
623012
618788
803164
764974
1602849
930137
657811
806590
939370
708520
682456
1427368
1408868
1204176
838426
853129
666294
655862
663230
715647
917506
669791
1503009
666276
716958
1293943
1328377
733001
719620
778728
656888
680830
1636712
638678
760946
1431918
832591
583425
1318557
636654
1981130
1371698
681192
644498
572045
599467
1120870
612741
707139
1104543
995779
2777880
1242177
2798717
2723655
1091740
2119229
2197867
993577
974510
1095548
2840243
1413927
1372007
2267185
788043
844646
990618
815207
1137040
814489
1412523
808621
673616
1184061
1324878
808396
1438152
730290
746103
2125702
2235016
4614578
1684933
1092989
2514830
2504854
2164264
1304772
3141650
1944239
1454982
1272425
2035866
1079125
1224090
2848371
1113781
2165348
2216096
1295691
1950435
1223117
3090888
1760686
1124203
1207009
2167537
1299840
707277
1275572
1648738
1288069
640190
721084
764133
734833
1406223
1672483
726441
897630
1288533
823540
743722
1443431
1420164
1326408
1339311
737917
842977
1897416
745342
1036424
754067
913539
1254829
651412
812635
761130
731286
1286733
776715
1839177
1143297
645284
523636
674216
741093
677816
641337
675552
1147031
718525
782159
899143
788070
748586
652238
660977
735180
1149802
1306405
1354598
1222781
2089363
738958
851067
750106
1251098
1006164
1593648
1599627
1117262
1171620
834522
1327541
790841
745193
736981
744212
1938482
1029944
1264149
2543706
1255323
4197218
1309454
1139572
5144323
1101967
2153367
1256531
1222347
1476135
914156
1547539
631416
860644
2431826
1449572
649434
1607448
1277091
775837
676368
852227
724607
1099173
654859
654882
924073
748639
905775
660537
867885
750993
603401
802233
721518
667716
770431
863414
635263
920051
656805
866107
644113
653879
663259
680640
651691
659389
1009152
750172
680498
650934
1320031
1009187
1430284
655765
1609833
1427520
766735
718886
921700
664986
724562
1470727
1446328
631542
1227283
778774
886094
906175
786757
1230781
867326
1549064
659821
655734
861097
706748
702636
880225
1095481
652873
2972672
1353712
1205506
1197584
1114771
1229307
1111206
1213054
1102953
1850236
1339652
3296395
2730422
1182612
1089158
755226
944636
1244063
721901
954443
949806
742115
1056143
942191
1069105
989406
1155756
669377
905943
761043
691136
787094
944218
810224
1933822
1171898
2062273
1368470
2451999
1204334
1877055
976490
868087
740918
776535
645720
661064
880152
685525
691318
642019
722276
733380
739878
636445
1239558
779481
2737122
839376
1094758
786858
861604
726159
841577
2779239
731442
917182
871461
756967
739034
739265
1292690
2325578
1097453
1169096
1144575
1121150
2845519
2611703
1290586
2337389
1145708
1113117
1040542
2400802
730653
1011722
1089706
1338207
810910
931271
724602
991088
803421
747526
611323
746988
761737
1007205
690128
653531
1078384
977506
728961
819731
694411
1162949
1353804
709649
1162793
666937
724245
1176451
632113
1075662
753667
985582
700057
742548
747996
858866
921353
612629
871923
681106
1265488
661942
603967
754277
715002
632647
1292686
655569
672238
938421
760818
1210861
640155
1232354
607838
679277
678877
884066
796676
714611
1297290
746231
1517034
2536639
1983668
574831
764715
752116
1507713
1008830
1213735
1564511
863983
550810
793612
866973
742086
1595857
9116807
1002776
1659160
1148354
916922
1582847
726903
1099008
1366538
1249110
1232804
1125501
1085895
1109664
1414272
1096915
1118112
1313994
1262101
1117254
2718701
1108959
1128598
1198163
1148258
2994376
1502154
1595515
1109154
2279063
1102636
3076120
2000065
1795306
1189105
1840621
1126073
2272414
720461
862838
792751
750914
779250
828814
718434
740947
828485
880364
1424119
735871
919503
739296
1430261
1345859
1391639
810628
832416
1342860
653517
1020985
1322699
1439836
882736
4412792
1329523
744167
660984
522330
1397936
1933858
3619896
711735
665134
653078
659554
670766
648846
1389364
671274
582008
582357
679109
657934
660262
778570
1068755
1400641
1370915
650923
1358005
1380131
643698
1396714
581599
624115
799800
773466
1380729
794619
1345239
1347006
1279682
663759
580428
651744
629263
784095581
650184
678745
647623
622609
644776
635501
2930257
1391710
1271659
5194278
2022685
1337614
1190612
5185712
1547385
2726694
1231504
1597414
1562421
1117822
2744296
1284082
1107735
1090117
2614489
1213521
2502726
1246890
2254580
1033283
2987437
2531820
1121175
1137052
2293723
1211267
1150219
4719003
1202787
2438864
1336565
2471438
1509385
1143033
3509887
2620861
1425933
1116010
3220144
1108806
2488844
1079432
1700542
1233981
1047569
3203486
1107986
1105632
605563
444734
669126
648951
1348886
653606
1463963
678230
1771084
673354
717264
858670
664051
671512
1006153
765220
792618
873329
873864
672740
757101
753937
741476
689562
787627
739610
768924
861177
627150
1132395
1607669
1137193
1282922
1359980
1169773
1575070
2330795
799566
2900180
2128421
1113854
1216748
1122497
1278236
1248916
1439986
1140416
1036914
1137981
1372764
641828
814932
707133
868478
692380
641059
1455394
742772
990161
648227
746626
704388
1115380
1125774
641248
738110
773704
683265
575300
652668
672527
864829
1220624
1275356
1167447
707483
924192
622726
751835
785783
732685
890533
846890
1228985
1079927
684687
648273
672454
680479
779632
1149362
583493
829769
720233
753626
666995
628302
745619
1143054
723488
996261
887939
741631
1183038
824255
704761
776112
834727
1237031
468260
829716
643631
707731
925015
946235
911358
1235486
1121233
796923
814600
1306470
1203616
616046
741989
725731
857714
776657
591459
617463
1362722
632975
635495
1127153
1720112
687017
1129795
624477
746387
592982
1210662
1103871
860948
676915
2757628
784780
1151755
820916
829433
1026763
714748
786659
1101146
798469
891690
938729
1650133
724087
1122370
1175376
1145379
1145320
3166856
2948822
1131890
2201817
1344333
2764844
1121582
1142822
3289938
1137472
859790
603730
1498025
802362
733196
738396
814986
742514
1087671
765696
532323
771213
769300
1067485
1861700
854628
894044
1107957
1214187
552032
626888
652458
640894
591898
1391361
1317285
672189
820944
578588
2754197
653611
871303
762115
759184
787688
874067
1747305
2459516
733699
762608
1861894
2329971
958231
968317
926307
1360558
1398112
672695
806351
728172
1422382
749551
780292
864072
1421223
563708
748560
721727
1724887
1169592
715175
1327657
1478704
1189626
1343128
1463028
1317320
678064
726247
1338824
1362124
746665
585955
758311
1349122
655611
710970
597623
668670
680493
897317
638067
1380442
1292423
1267172
715449
1323108
982197
637004
1445194
894122
614891
748296
656650
624236
1368208
636646
761328
1350570
649668
1335117
964876
666385
686481
861581
651347
667000
701000
756364
523490
1351660
611784
1267722
1353044
656230
654250
1192303
769027
618217
657353
644614
691044
628652
672440
1122945
588616
665273
544708
646546
661250
826862
696554
664499
694860
1277161
650781
470475
672907
772133
2076168
584477
648881
1369054
3549282
1097490
1755059
2178063
1251339
2201852
1095999
1331653
2203163
4228304
1125351
1245862
1071403
1225989
697082
771186
679083
1267189
1483839
1253628
560060
640365
745905
1543864
773887
755248
1281744
1589042
1646772
684630
692810
807585
678461
607716
711661
2168311
1106065
1080058
1161544
1980676
1230367
10019033
2900262
659938
592711
714029
1206390
944588
665433
667239
1299347
722299
675489
2535392
1109027
1580816
6598922
1018076
2396310
2122706
1909930
1165663
2253104
2861039
1535036
1379524
2374365
1240500
1087868
2068414
4082550
2434995
1569188
667482
1290143
691682
1499384
1387915
641148
832098
684964
960220
746643
621764
652367
1446126
881553
771922
804045
789354
1164160
1665696
1155335
985315
743150
736489
622676
775735
1341991
1368307
2477051
620685
733428
751260
710728
1980699
738579
762325
731908
720023
629382
723968
709511
757844
647962
803957
704033
705992
708969
1276266
631122
772951
1704662
642695
673376
1248021
1247550
1236036
986321
678701
644536
665542
831001
655686
1218208
679851
641967
1392670
1398172
645169
230496606
641371
658170
731167
771331
1303026
624365
655737
1401318
953470
1161628
1020927
780922
1402070
668873
558797
1326652
587884
1403060
809433
1347786
909254
678132
4615163997
789748
915759
738288
840827
1230411
676494
1128842
672571
2644873
3751407
1192095
1240433
1162487
2610083
3363922
1119499
1227983
1211180
1069275
1178250
1094720
259668011
2205147
1234556
1315236
1190973
1139756
1015102
1110817
3298284
1170690
1241372
1558209
2066468
1174991
1453220
1575174
979439
1513064
957829
731060
827827
787150
836019
726198
676429
792444
830002
761924
623379
674647
833488
744545
884971
718910
758335
941213
803445
806677
761435
760084
1298528
1551492
645248
1600821
1249614
1327484
758651
724267
754308
819725
968033
642697
759668
811794
963557
1412191
737817
749648
1041364
763976
642778
1367240
770134
742672
2520432
1369223
740846
764807
748901
554860
786380
1272355
640301
648997
909638
717470
1382177
1012819
520516
667975
593934
633026
554499
744214
655625
620966
850604
492379
715704
680231
642891
597481
746102
794377
663033
1095847
548438
985830
677622
652051
1266168
774568
672804
749064
661352
687384
1364192
712045
1548827
3102918
1326488
2292316
1204173
3186487
990463
3278026
2804459
1100452
1353283
1274206
2733356
1119512
2301539
1060188
1185083
3200918
1533505
1333151
2921909
1015156
3748734
2219571
993015
2346660
3627801
2332151
1188780
2402285
2288512
1494486
1202158
1066973
1093042
1113321
883102
998979
852770
932972
818773
748306
752119
973527
825033
823349
959144
756925
1179264
753463
1251627
1129759
996235
1026607
2766154
1035826
2554422
1056395
1869477
1595950
2112413
2694378
1123036
985594
3300794
1066334
1078133
1060435
1340805
1562005
1150165
1218536
2749082
1132122
1346972
1130299
1107703
1098369
1375002
932152
665261
687712
850928
956535
793280
668559
746379
823207963
734342
686234
1233645
669286
670712
1212998
685510
1291893
690237
1209914
983429
702661
769233
673050
771443
918601
1134162
846375
2109324
661165
2154456
1199895
2244742
2762703
2134353
1148527
1924475
3581875
2226574
2095855
2627473
1200586
1197960
1106098
1073860
626100
927425
878278
656550
829964
1260183
858876
737271
639919
655190
754121
885931
662699
711984
1234824
694710
716023
713708
633790
673512
660137
1185034
739117
664906
886462
1190666
1113640
615173
746971
669890
926816
638789
660027
859513
608421
780073
464322
1203848
870587
656644
1484397
849073
893755
1075112
1173936
634237
870978
737950
669443
704934
716462
670058
1263914
1165978
1096398
1293971
658023
713793
899603
680121
684855
722876
616746
546073
629482
680423
652993
750500
723414
662129
944777
637792
1219436
697531
1231528
1198826
1159406
665991
1231546
1046261
734347
1210573
1189768
1230534
940955
1121141
760406
1281489
661634
669924
1323791
656856
701775
715457
716424
660965
1402552
1771937
1118060
1508463
906871
2281741
2906636
1389656
1051820
1186516
2835014
996762
870814
1369482
1289858
1345974
1154436
2950575
1125189
1311689
3165545
1011044
1162259
1232694
4049939
2272770
1111769
1179053
1194194
1139948
1199363
1374472
782933
787036
1440239
994848
768096
822456
778215
596351
896877
968110
2072691
7027698
757910
1108130
1520088
1285707
829395
2733401
2375615
1310115
979249
2806225
1123468
1123177
3115421
1299342
1140423
1344526
1228861
1388254
1329020
4864836
1179927
1211788
1003058
5777278
1206419
1117018
2905962
1602886
2117804
1165533
1098412
1410605
1244876
2949769
2343539
1087600
1283987
3012916
1241995
2563366
2945638
1206465
1126605
1111346
6570080
1119859
1101127
3929206
1162008
1157319
1183446
3380992
3376710
1374159
1561091
2699032
2738841
1173018
1666620
764720
885228
1510103
908820
837319
851098
739271
919837
820343
1571518
1014563
816088
1443141
752877
807241
766608
727214
637507
726446
778158
819985
1280198
806596
1230796
1537652
851161
752298
1346523
721928
1483294
719398
744247
1452512
760840
1352004
1782481
1143799
716243
1385450
928451
1383976
1031377
1428068
786188
670947
878475
749228
1897225
754749
818896
754197
767911
821772
1033082
788634
1427444
762309
715791
819096
1132515
1031504
753618
544848
752379
834452
781939
802506
1359255
820907
751806
833844
1074065
1059220
3163765
1301316
1374657
1219206
3791048
2508356
1252945
2652578
734641
804424
1739821
1545030
1693407
1054223
1759179
772875
1280984
771740
727251
747809
675121
713666
759547
746665
820219
706278
709805
685003
608053
820651
654059
949270
663856
824770
909978
755076
883984
735933
1657136
781926
1152742
1047953
3660439
1569892
1116227
1222316
1135956
1134159
1283754
1342903
3198568
2366398
1077197
1695643
1127622
981618
727070
2399492
687284
1025920
745184
562736
734850
822162
836982
743427
956431
807430
1261974
674573
700862
680702
770454
1054462
653036
1175881
749393
1449719
751584
613475
707039
764726
696894
661226
719191
762601
809752
738563
537293
708160
1124034
944095
2769476
1100865
1200088
1105891
1073146
935564
1267171
684825
697804
682086
893939
795232
1421167
660277
578946
752038
823700
1665556
779359
714549
692603
791267
850556
632144
874555
724014
679212
987456
696282
673802
674703
713443
632189
627992
1159210
1823261
1229348
1161301
715356
713732
767326
643800
770187
718587
710971
1448902
685271
634562
684856
660590
547311
1540659
684480
646911
1289081
1002672
877412
709207
838227
932675
784756
794537
689158
961773
881184
690310
777821
541310
649001
1007803
637412
641780
1172185
895636
723035
1543735
693546
2730077
2334122
1146384
2304146
2221692
2758517
1983184
1070888
2779720
912054
1115808
1114597
2270661
2184652
1103030
1468942
696324
1494976
536157
1251019
3625738785
702038
672331
1123875
857944
653067
667741
555548
1295725
693778
1224415
807695
915506
739461
1693367
982186
640756
10042402
1444716
1415646
651445
663432
776522
2041110
730169
826509
1901319
678921
679936
876490
756307
676535
668840
1332983
648698
885668
770815
839970
723529
698430
903347
827052
1355083
972859
1748979
907537
841067
886021
804860
1850246
679707
826315
552042
1472761
783069
666510
670993
681989
676611
700627
776078
1322255
1413884
829560
1028920
1182280
661239
695122
745141
595658
627102
901357
1208512
675818
644641
688705
1066070
674390
750988
1248633
721793
819452
830521
1431029
766912
782992
739676
667734
725528
838226
1313101
700740
762216
1412196
1458023
763729
824114
603941
771698
810023
722507
780986
740208
1073948
739069
1427672
645717
720274
708085
1041989
1235669
946418
732662
804708
1324278
718826
752176
745055
1046970
804709
757998
867947
1307239
1670699
638828
815276
736635
740038
806330
1015268
1089795
825727
1262281
674600
790771
744124
1300680
665106
1298311
1426511
784764
772109
519676
726167
1154728
759085
842820
717141
726738
849958
1036263
1024285
1283341
1243170
1916511
1048304
1428356
825148126
1247694
1233804
1345213
1103291
1169553
1325068
1130246
1089142
1442385135
992287
1462871
2997465
786698
679576
716159
944648
972118
1237484
690892
755406
1203530
999913
995060
1134930
1424154
782253
1171616
1245264
3990874
7901226
1834154
1942889
1356812139
1110388
1051464
920418
1200738
1157283
1639053
1170453
1076413
1143658
1037557
1090572
2482335
1130704
1218027
1392003
1257179
1160962
1289601
3229345
1098192
736638
724258
698585
1777152
833364
843438
731611
831061
744051
1022133
760184
986326
4823083
2712835
1167326
1225856
1144601
1274727
1289478
1500485
2441508
2014474
1112359
752402
1666092
777886
657064
911232
1673101
930989
589380
859885
1120140
752490
733522
732403
1019639
1481147
709212
895663
989108
1084868
926133
1289195
920577
927202
746490
712544
539453
969594
755398
754378
797563
1339008
738939
806387
1393138
1386856
766176
1400343
787826
774239
744210
808332
733004
1445407
1403005
732904
730698
727288
1352259
745468
826668
745476
804581
714081
750620
1323449
2161537
777214
817773
739979
759784
1217848
709459
812566
759440
1008252
1213709
1478893
761944
716927
1462629
521632
1542782
1789299
749179
755704
728482
733301
807402
717746
528547
1450726
694652
766075
863149
1010001
1609201
790199
806108
738278
1399102
1142009
1364650
3121090
3951225
1136983
1230428
1211239
1208705
1074617
1169721
2357271
2366038
1923840
2779425
1867803
1103460
3759133
1140727
1146824
1197639
1274850
1140523
1149362
1118542
1114335
809379
1104256
3009571
691517
946601
1227685
648739
725239
692518
631913
732941
663822
722271
586743
661905
1253636
667797
831195
663629
1491551
767807
743095
664511
763893
759863
865029
807805
943815
1915014
855508
1079708
1515200
784887
748075
755058
1160892
1793285
976957
747064
700336
800055
1510231
791252
828169
745813
963612
1469528
777320
1379574
1416852
1210097
754258
717000
1306506
816688
1377273
791125
1594488
971382
807594
898733
1840533
1553157
651831
771594
829777
3555850
1431557
744707
1357389
916249
1575187
658679
1570536
2393103
887568
1956896
848555
836903
734406
731902
1486826
1562505
2447950
747447
1285146
1438462
1542844
848792
724712
1122896
2253703
1300344
1004198
1038857
1112313
1093453
1095398
2069957
1544705
1465485
2243139
2370697
1403807
662422
1706093
655061
1402620
479011
677948
744368
1369409
664317
754650
745451
678646
660326
634515
1421902
1171062
653337
630002
675927
699063
672628
689366
645976
658582
680398
669355
715941
1898525
768166
688021
626606
1371081
1423949
1477589
884439
895824
659804
674436
660821
1369233
615526
691535
635880
657909
615312
600728
790641
700662
615616
651440
678742
719998
629892
623022
631758
657542
589289
628647
644878
697574
611601
602807
717473
643421
667389
777588
644342
665857
1267553
647530
876827
755224
1537821
1263954
644566
616557
658105
669028
665707
743843
1350661
655343
1331482
647277
1655886
898061
1382695
2420490
3241497
2974387
2494568
1117934
5130492
2249247
2530452
2283195
3049429
2187672
2229141
3590940
1140133
3588990
2144090
1046186
1205487
1109323
3021094
1434826
2142157
1132093
1138966
5550373
856249
1122115
1637062
2625801
1166462
2821466
1170962
2286102
5569648
1845829
2017648
4162483
1206718
1288916
1006568
2974054
1551307
2281584
4898986
1143060
2163166
1202203
2763368
1319642
1102185
2188512
1161251
1884186
2153634
5665485
1583622
1385586
1389924
1303282
795425
1757620
619520
2258830
1398035
671985
1343928
1394933
673526
1435294
1411359
1444883
956570
1560474
1211068
1411071
1480476
1238964
1549467
661922
1310100
1449654
1369303
1386279
3286324
4544915
2198225
2190940
1055212
2192870
5045487
1515482
2200347
976613
1095368
2716500
1596253
4990547
632430
805118
801497
926232
764338
757915
819474
714690
740513
718068
759080
1076131
830122
643217
1280839
763288
881812
693927
614285
1230391
810121
769449
923391
990860
694599
830647
736839
2589498
1358716
710003
748800
708906
749655
832874
825594
711659
744418
745125
749632
830813
921362
934535
976937
914815
1917327
1025101
656580
903515
691356
657463
938012
725123
583056
713634
568204
753392
881317
954258
903074
686752
673320
746814
586452
2759260
1141378
2082577
1041195
709021
660066
763918
653972
721935
541337
935459
682209
700612
669402
717599
734768
702593
961744
2261814
1445619
675205
1395458
662583
1223378
1163802
713820
912122
649439
894372
844913
673327
682858
692205
700610
624261
630989
690089
733099
939936
798808
1631702
687464
870256
1344692
777460
588567
654381
697012
864288
671415
808381
936544
3071164
2171704
1163022
1189585
559086979
786918
845214
736006
672295
1397735
882281
852728
724137
1356598
702833
988566
707606
701634
1174040
750994
776606
740961
940070
570452640
1104020
1256384
1277800
1110811
1778560
884604
2273339
2822308
1339365
1910819
1095014
1113833
2066558
2485480
627862
747975
831376
760937
988128
1443948
1085634
1159056
1194931
1174686
1201434
1226187
1133244
1226214
1211347
6376609
1108147
1189580
1926870
1195094
1249716
993247
1091882
1897633
1205759
2152670
1201526
3168026
1290981
4663188
1093474
1703562
1176626
765210
754273
1138654
6649523
1347463
1033034
1094704
1577345
2895376
1348828
3115170
768707
1010866
2266565
1623200
1112419
2243182
4634751
2262608
2095785
1191259
1127733
1285041
720427
3015916
913598
2096687
2054990
2237494
689329
2022838
5053469
1367893
1096179
1131759
3041394
1255883
1412936
3299898
1163556
1288026
2451114
1178673
1261019
745448
1455398
686173
841045
1340415
815502
763786
876228
1360319
1261403
732936
772842
814969
1279584
1293166
1033339
863844
1628718
717126
670717
1524524
805641
702671
806132
735246
779420
756365
727101
781980
1106619
1263749
637006
1602528
694742
732301
1241779
697291
709411
664903
778996
1008918
854177
1094872
2331489
971671
3454108
1193122
2264593
3373702
1123461
1163959
1091988
3295712
2422766
1195565
991189
1457176
1081303
3302126
84695959
746116
726937
734631
871026
758893
854026
806485
674304
1393749
736790
1210115
1420438
3096126
1362288
1963989
2925762
2385854
2801018
1622783
1019552
1080954
3195936
2812251
2149033
944449
644368
733849
1508823
960386
808241
830931
652682
840783
735154
609750
865344
782560
669281
627296
874690
749330
700904
1644903
1885917
672653
1028785
694812
558193
649584
681589
1368642
821479
636928
689866
671432
728212
826824
811681
667991
928393
661163
768822
683264
890738
674440
795948
672374
975114
2749973
1194147
1635774
2025128
1100424
1147475
1739358
1131645
2377930
1438639
1157353
923497
1113557
1547186
675079
761624
666040
1190191
675372
1949505
493461
675352
1550340
1465071
849962
778147
1096203
677047
706268
1550366
1176711
718933
1987795
1124863
2053145
4276412
1274248
1426130
5069658
1091425
1842035
2210545
968085
1059205
2257884
2869439
1236802
1293201
1178730
3615913
1071253
2131238
1097462
1099142
2302908
2512657
1003519
703178
1210444
652991
679141
737307
683588
939128
679747
638146
670483
677733
646781
640163
758983
649449
700848
712362
530267
1063986
720917
1130799
779196
675107
666592
678427
710211
655722
649877
652773
786661
688195
663018
1319284
688899
1403442
1665992
638320
1409391
1373634
616485
592982
701116
1173940
810966
900682
727410
817641
667819
735801
1407682
750892
825561
1460308
1041547
817317
1031176
762130
2770298
1301731
1247103
3571970
1207972
1385374
1607159
1146764
2204163
1172740
3007707
1368435
2140324
1091997
1765078
1432768
821827
770065
752045
751824
1412065
793431
957692
682157
1225843
801698
1123198
1589354
657398
781340
1409933
738478
754828
726445
1348652
782373
725043
884089
783860
724923
734844
592684
919644
1071807
738650
774284
726121
1072026
729646
777124
1312324
793400
1432630
753433
1040235
828358
831085
1322598
2035352
950764
897585
1483624
892743
919008
775073
821898
778477
847840
629166
1325728
1254602
703635
684753
759189
891292
886200
1045858
712990
806719
671852
1077704
890220
1072857
901233
1335177
738550
550594
828628
854785
1979730
584062
1205626
1118272
654629
921019
714326
1176958
4163052941
1520566
756362
709954
792890
1451548
741948
1145784
766016
738118
795596
1502743
1401380
821638
1590641
749260
1749614
734584
1469760
1450872
619003
734774
733087
762929
1085910
698107
748181
689429
1490789
581241
1524271
746502
706354
1497651
1480468
688218
831582
950590
692547
788069
768587
938810
680528
557823
824987
787975
1171813
2248859
1232222
1161868
2011358
757706
636519
768792
2273030
1659330
769985
1739415
1523505
746088
852542
1536666
847612
720137
788164
694363
1157453
1346533
1784281
719095
1138001
745226
1247668
2277689
729816
1545257
752755
1011022
1529711
730553
737417
843874
703892
1453543
820493
1492189
712448
887655
542663
704107
980863
728689
738918
1343449
1309630
759810
764984
651933
742065
1512701
1283948
1388159
707221
1200722
824516
782255
1593004
770113
786156
793759
1656672
2071263
1173305
2698819
1083235
1131996
1153188
598087
691381
648089
986556
682384
1284199
671192
654613
817018
695799
685539
837991
666646
634660
663216
809710
578395
1437306
773578
666747
1346575
749156
681215
1191752
879350
668191
690879
1813283
689829
2245929
1350973
1245824
2332265
1391026
1025917
1187859
1566070
1199090
1308086
1188937
2204721
1555172
2462507
608181
1401431
715975
1731052
554476
107515798
822860
736181
1084246
1109395
676327
1393168
2148323
634428
640454
625381
891668
634309
656979
1461300
590147
660800
724926
717829
659825
684673
633189
766358
937529
739470
1359654
693869
763209
1218700
2034362
2380123
914497
1431756
983549
1109520
3049056
1136612
1484554
661002
736270
950593
755662
826052
719763
716728
1072521
655128
1641462
1401990
837362
795410
716421
1992875
1521019
1171744
1120291
1219797
1277349
2243852
1128740
3126587
1260089
1075112
1136712
1163771
1115126
407820743
502677
737922
1172587
1451342
963631
1025035
773342
754941
1308163
545869
1469272
728243
841201
1879803
1019461
1016650
2205065
1159070
1829301
3001522
1315060
1133124
1196162
1157425
2284976
2640748
1157570
1815351
998017
1227075
753539
1014453
704427
1023711
692869
978805
648146
763573
815623
812521
747528
1007939
1203280
2295731
1205334
2542373
1100701
1127058
2881415
1125035
1127319
1117985
1330571
1291817
1061334
2800585
1203541
1201962
1126272
3828481
2472527
1219442
2955322
956118
1151706
1142867
1964864
1106443
1156124
2922982
1135326
2240625
829951
2959330
1047237
1158799
3290092
1064945
1141149
1155250
1036116
994461
2156161
2759568
1198045
1451289
1220100
4069078
1867005
749507
552472
945554
758760
1164207
1124415
1116853
1302880
3010192
1335553
2344510
1007779
3517979
2316509
2160124
5008791
1124452
2307993
1192660
1137516
1989244
1118852
2949820
1379358
1223569
2556347
1109956
670345
1305189
685796
716541
741239
609138
725405
668342
785919
684639
587254
866954
5033785
1109959
652908
728235
1116108
721726
695899
583384
1661314
730301
1480680
673431
800219
747648
2084610
1411784
931762
2227677
1095812
2266644
4699639
1143143
2204745
2273208
2287884
1501386
2483145
1210253
1176573
1583973
2339157
4094871
2509052
2203926
3093009
1555946
1248506
1150455
1183641
1154776
2764825
1274372
2367090
1229353
1199461
2999230
1214841
1267628
1113208
1144680
2247177
1251929
2827410
1208776
1105781
1169512
2064417
700055
1392454
731151
715689
627136
744638
716688
736193
741124
1412643
750776
694577
725505
956732
552398
1560433
878070
731873
770019
795453
1033982
1508727
2038576
1157101
1837119
1022546
2425778
1241886
1136216
3584127
4507652
1079384
1348492
1312099
1869389
2554530
1125137
2278330
6468505
654148
1575678
1143668
1192209
883584
740785
913214
1328315
744840
999904
586956
2330244
1078187
3537246
1270042
2733556
1124209
1823156
1505980
1042269
3695737
1096808
1089054
1156632
2889076
1228216
988659
2764499
1204297
1244151
1052183
1103355
1101615
2623596
589683735
758976
825314
855188
744593
1533954
745309
1311358
819609
723812
774916
1348338
896023
1081030
1202463
2260187
1020645
4856973
2181942
1211650
2946286
1181233
1453562
1087927
2829824
1678301
1105812
1032242
736504
781613
699462
752982
836579
1394073
797214
1159786
706802
780292
813054
1188669
787199
739036
739160
885169
722797
748999
718993
1289741
740486
849638
737330
764305
850888
891487
746111
744065
2185139
1383212
741789
2155782
766859
1278804
1229683
808485
757446
1136983
467373
798928
1429721
644734
669114
676330
816442
761162
747528
607289
1725191
694054
706173
976423
801678
1023404
1516822
718522
1228269
985247
1075515
1036588
1082284
1130040
1190790
3727802
1095081
1027778
1276868
2730876
1084056
1165671
1160172
3432855
801073
822702
487302
716604
747811
1429174
1065575
760269
3243917
721883
757077
689743
788428
732623
829460
686915
817563
724233
723232
728677
1100566
1215845
1084381
1027373
1050344
1100738
2365168
1082537
1609641
1345756
4236681
1095541
1760620
3617158
1099925
1119455
1183372
2452929
1441798
1539193
4072500
1669769
1976638
1474764
1105955
1079435
1227936
2826548
1105567
2276262
1849830
1199184
1089086
1398185
850528
1156982
904425
1097673
3245481
1071001
1068417
1075157
1105541
1332043
1102590
1073990
1337591
1372166
2881764
1480981
673187
1099337
1127826
1127823
816567
1268228
1324070
1083892
1103257
1198279
1074186
997629
2036151
663212
763943
695300
680260
647423
883954
745452
833935
679902
659325
702094
672460
964566
650292
707526
684104
688195
974209
634601
956400
847156
3045590
811595
721996
832578
1119039
712062
1201241
764150
966467
868320
663718
892115
688611
742808
761043
1082788
750961
882860
844325
637162
972855
1124660
985559
675713
739772
681391
692540
683814
639514
729569
680681
662049
668078
719798
676182
708009
671337
2025011
1342522
3917847
1059881
1666335
3026901
1173219
2479005
2278860
1054275
1252303
1125473
4411671
1405560
1972532
621349
761248
703747
785359
713559045
845766
1584223
692836
597994
695798
794944
683354
761581
668211
1076958
1019388
727916
575883
927037
1012050
982298
852401
1340709
708270
1795554
874585
607525
679721
1274516
1288611
4697208
1134730
1078216
1942233
1165003
880452
1108793
3119004
1501003
1074714
1161097
2817966
1197384
1079347
1536848
1565464
1088925
1206626
1081861
1280217
2021322
3077174
1127788
968910
1192078
3261433
1085285
755858
666106
1113328
2229208
1202269
2191496
1105624
1185295
1462083
1395327
812948
773103
889901
699903
599926
657608
770072
1146025
651003
822319
2235397
1075637
4312922
1101084
1088185
737448
718033
661483
648556
710793
908706
977365
669460
1060250
1570364
2594249
897335
1184390
1114244
2723550
1209050
1070793
1105928
964011
766865
745334
665990
1132846
689304
1112918
651498
689812
836363
1174620
4331741
1111574
2136853
1911489
1051499
1682334
1117630
1691588
1162818
4450641
1361846
2135872
1128374
1256203
1049830
2228019
1086645
2784085
1198059
1597052
1104699
1318181
2077093
2322743
3353030
1081617
1299621
2832599
3208271
1326849
1171426
4239201
1540889
840166
1555949
735870
1082243
969385
674725
1136358
2242687
926693
3081011
2180823
1067452
609556
658773
893021
696402
733741
827903
740817
824446
1105449
1297845
1149661
3429346
889707
4622248
565370
565030
1525168
829796
784428
1099029
692689
618783
700140
545138
751460
674867
993399
705087
689504
1191167
988491
1160489
1272181
1102823
1143433
4798990
1388850
1249167
2428177
1093143
1287495
1372328
1099484
2773116
1506950
1005187
1345955
716371
961329
859851
754063
766949
1559313
1648672
689878
1268924
816886
729889
3253912
2662503
1023368
2459422
1374890
1085899
2715479
2237987
1206379
1677499
1089644
2242263
1185509
7608419
2303054
1221297
1244366
2334679
1678665
3456849
4636038
1113662
1392588
2869918
5635253
1266998
1226174
3016605
1228639
1163353
1188764
1504372
2142001
2163089
5387863
1211636
1011426
961394
4451830
1179516
2229219
3808630
2376425
733756
1519727
772733
960378
909619
830008
790755
708529
824519
835643
761711
1253784
559244
972897
1611043
942656
655651
700762
693171
818931
831308
1502392
668180
900909
1329540
651053
707556
694297
730464
697247
626906
747400
766537
1238877
664431
817459
767563
862744
657128
671097
674515
963348
753366
1006877
2783431
1128977
1477765
2858367
1020168
1453859
1294012
2206212
1168338
1176632
1089118
1793265
2447972
595530
838966
662784
662542
681728
707964
725516
704390
695473
660576
669309
785739
674874
1442660
688040
606241
602216
597661
614388
1312499
670676
702457
641420
710972
672489
1086259
1189529
668284
2182574
2297351
1106404
1103797
2248039
2254342
2467805
1956948
1066817
4723506
1372295
2374238
4519873
2703606
2289385
636800
667505
1287039
696071
709203
1388015
1002266
675347
1210982
769240
634544
946654
813357
686466
815327
1419101
750575
1074737
901146
1279141
1367240
1421141
1400220
814917
666670
690849
736341
842911
1205104
772005
1111965
1370298
1426363
2091390
681251
1322111
661937
1396565
649844
765641
928675
810411
711476
1314306
969257
926602
682233
692892
891887
1391785
1122641
1086994
1291003
1220060
2133107
1247646
678376
676968
850046
690062
680585
711199
1198248
1156191
1093995
1176154
1259853
678513
712050
657265
769043
676897
808669
1344056
601277
684869
688461
1622639
1510577
787445
2589357
1721139
1090455
1886876
1213519
2346791
805579
818083
821872
797619
1031622
1024845
615309
741237
746162
790671
757259
1067910
1092139
1127053
1245843
1706152
1083450
3009314
1248805
1188678
1193817
2981423
2140607
1203157
6782536
1136941
1194721
1164271
1084913
1109684
1189404
799843
697940
617264
635806
1022545
774437
747929
708843
726991
1312863
1188092
1932850
1637760
1161902
2724421
2075840
1171353
1227487
3082841
1040438
1190460
2287326
1175662
1103063
1238205
2806727
687317
817742
677979
624737
1079967
1149559
675578
830579
755387
1370024
591329
779878
1380320
1278771
680021
3404812
754060
824468
771338
1234628
935615
1074302
3714722
1201245
811798
827166
945277
831521
2129644
1463111
764439
685666
742200
637850
671265
894392
668888
753403
767809
777867
678021
837890
647136
1426442
1337956
1419049
751096
838748
703314
749325
1123309
888969
1044882
816195
782916
1345757
971782
528059
644046
712378
673822
669753
1826853
1024575
1386137
698053
1612488
913759
659095
644657
637704
788175
650253
683350
664967
1329237
1776447
624294
827597
631018
812304
645395
1144559
625438
630620
1713595
2263106
2788055
2431507
768058
1026214
1120341
2223848
1029203
3197694
3316480
1083215
5918010
1133070
1087116
942391
1468276
789355
1465742
1420466
948188
733358
837777
1428736
1436786
1523969
2137049
807997
755034
1055977
1553485
827462
721067
752522
782822
737343
810557
1415291
1443796
898094
815010
729171
728968
1210126
1213543
1021051
4171579
897401060
2086161
3207375
1108353
1141881
1091982
2815183
1093706
1078949
4644454
1201506
1141669
662055
675440
825869
560671
1432327
690378
662135
654930
669708
701701
761572
647746
580669
822451
718351
676110
656447
681942
692807
651515
653243
706576
1384417
668412
666741
1393644
656467
610036
1278374
781373
673128
996216
678791
686397
659957
741988
716347
649037
737400
571584
710466
667032
777446
645593
677558
1246750
658326
685589
980374
595949
675853
1238403
670760
688008
1407291
663575
689651
661420
687203
695135
652479
659770
689379
673992
673828
590507
621655
626354
644726
623481
943072
687837
1353048
1484717
1844101
508857
1380924
681977
660589
699400
694473
743527
739013
839889
634820
655163
806432
904836
593625
755556
1111052
1252441
678703
686278
647416
6866234
1084203
736968
673242
658691
671641
643107
579917
655393
707247
3707104
625402
648382
1139398
655848
659016
594401
1192863
770266
666870
1048476
1426112
1146814
2285303
1178334
1267047
5450092
1260371
1160598
3340335
2811598
1204127
856029
731202
909893
688329
1390882
723219
786537
1185359
768665
846485
689801
697562
776438
721772
610145
784734
913048
734546
1551206
1210375
732070
732129
739631
1389038
1462087
1192680
999432
713210
729528
635793
1626251
935483
808154
728081
716142
734381
732427
1349239
1513793
1299281
2482597
838219
1268195
617611
656510
641103
872815
961099
1363538
835779
592984
656609
661699
652315
650279
663061
645062
634923
660993
840769
645521
669595
650362
740986
1344260
1409498
1419073
622610
642063
1373951
1343731
704049
747344
1361303
1092566
861251
1182904
748772
735311
722232
1409906
795145
1691521
2174505
1023001
637085
2261737
2652040
1093037
2457687
1073834
2639765
944591
1080830
1084727
2228037
1573450
1180624
2881536
1205131
641840
406713
716120
737961
837552
603413
640048
2327163
631168
870325
586627
618919
891288
841053
581231
1353771
1414709
925925
1268387
781355
1354934
1008365
660977
745172
1289600
723099
744056
1014739
907002
1009219
702227
1251248
901591
1439164
1630617
963446
1652441
636986
1441769
871549
727177
729569
832540
3309544
1821001
1102691
2896250
1084479
1075309
2165999
2378315
2240712
1287877
2120229
2027229
859234
1174372
1370812
750935
787909
763333
659581
730697
737540
724885
949432
717778
762079
928600
931743
713168
755227
930288
1057523
818124
736564
1220573
1431772
660087
881141
1301278
1086225
435206
634046
688383
809135
637063
637989
705769
639114
1023293
1137437
698316
1345933
746616
1432119
636087
1060345
1032977
1073515
1485648
634631
754662
629659
898692
683075
694607
632092
613390
709114
1380048
1341683
1041297
761910
717263
664164
639589
656163
2979551
1268821
1148074
4655091
2245040
2119040
1113862
1219818
2115907
2563586
2842443
2418957
2238310
2117880
2684363
1085495
1331864
3055603
904069
1118235
1099023
1240332
2594620
1878141
3939138
1346691
684604
941422
1383057
748742
1463632
684105
740670
1347505
1492389
1145423
677632
1442234
1493444
566926
722730
678991
671809
1171753
727808
445503
687954
667479
838609
1182960
687379
682559
652594
794899
832917
681477
670579
846752
718512
4405770
645028
661010
664585
1552392
689120
670916
657910
628726
2038536
1850760
4150376
2122409
991081
1238395
1303516
2386197
1015427
3152607
1267692
1167207
2628085
1130199
644837
1198244
1475317
810206
1184169
718483
771704
757086
2301784
748679
817285
683103
957560
710262
1087645
2536774
1167914
1304870
1079331
1086896
3024744
2563233
1134342
1231125
1532841
1081588
2022102
2729385
2205107
603813
1306871
834940
671914
849251
645048
641967
871720
2172898
622535
636573
738071
640973
634978
645821
430377
919199
660855
715020
3466605
1218675
1190664
2269393
2466073
976951
1087118
4616492
1052663
2203748
1236913
3034956
1083689
2751219
2682700
1107694
1092956
2160230
4773588
2310701
1096507
4526889
2511233
1106369
628178
756155
713063
654265
744353
658202
708975
668543
642130
667909
1007216
670661
635598
1601848
836687
650716
872712
553058
670311
974645
1220056
636374
665727
638998
1086910
651712
2421147
731514
957230
1179672
1202147
2236889
1111657
2940134
1129140
1179921
2254925
1165433
1117041
1318555
4833513
2168511
705939
824474
1330975
939524
723719
1103912
2178472
1081478
1185277
2179527
2261445
904969
3232895
1162872
1266654
2976295
1135075
1704673
1596419
2225605
890782
1124683
1075325
1078723
1322866
1170729
5238033
1125669
2218866
2117966
3181161
1072194
1050818
2308075
1266217
1855398
1063852
1047017
976670
2104213
2771836
1072993
2055977
1102612
2743697
1067771
1077827
3213275
2336634
952970
938317
2533413
1088684
2088980
2650671
1274893
1040817
2233382
657004
786983
653115
807328
823760
1178529
1130109
1213665
749621
1193454
671082
904819
805306
884340
649945
857290
628383
938491
678108
844085
916998
765662
697545
757642
928131
614778
979107
838125
808677
718972
686382
764723
676848
869020
591134
656060
658922
857158
656503
743594
647788
702827
501616
806942
748024
2836096
2139970
1826906
1294256
2615092
2168105
1230815
1221221
5375909
1977499
1058722
943067
757994
710294
1422782
1241360
593555
701794
734287
1254978
675081
834576
774905
679471
767298
588084
2591414
1415810
708785
843103
1488979
740094
840961
707344
651804
1466718
741191
739510
1212104
727205
725206
728207
757068
1089879
1302865
1439561
723319
729499
756841
1339545
1277908
697292
752916
705510
743470
732461
834922
858564
1178642
743006
1230072
1349214
713930
744312
949912
711856
900402
794746
706551
1168212
920440
1075391
3094020
1491306
934788
1158676
1260492
1100810
1218572
965127
2259817
1083953
1080615
1256408
1713412
1873343
1267174
3360607
1342348
785605
718445
675669
782039
723457
802808
712803
752055
1538466
1054001
1115517
1076913
1081196
1086499
1128557
2222668
1140942
3137786
1097202
958169
1209419
1150482
2282117
749681
1192386
1502104
678660
939356
709713
2996388
906202
1085361
1062643
1087933
1109357
1038015
1061937
1216332
2091566
2006189
1170778
2211726
2752964
1094393
1048207
1058690
1078014
1067295
1142458
4101329
1975923
1175127
1171814
1047942
2217408
1054328
2798430
2692492
1328339
1069503
2463882
1135828
1201150
2731261
1122189
1178790
664993
737784
675528
1358651
987406
624628
651685
648745
644941
1330370
682673
949691
1428789
616920
604851
642239
651632
1407228
694305
843749
657519
657774
758429
611988
1369423
861342
622222
664868
514309
670565
900223
675788
628374
667237
1131750
656707
662752
1244691
627392
1371297
1066683
1065981
821549860
657893
691287
646581
889057
773603
902465
665259
607259
887919
574105
675402
786629
708066
892303
848657
1625717
692907
798143
977746
715317
923005
706038
667002
666166
632267
587193
932347
741693
676652
689072
866838
942868
654567
911688
892380
913433
788942
724816
837621
669156
646920
854769
621244
484387
648675
1384549
656261
649288
671290
652406
676798
1918970
566038
644854
721163
1192821
695952
1738840
826672
659598
726740
450954
679327
666882
678173
1007748
741634
649601
557224
576834
625547
1112073
1217100
1359908
1580777
1368429
783709
664711
649906
520843
733474
674081
1337585
1233086
738010
572546
589152
674384
616144
726627
650620
694442
646386
654959
771518
1542421
1545620
539031
663673
695229
635567
661252
820852
659365
1053859
661855
709975
781588
730033
1100031
1250619
672422
730469
3127562
1158381
614642
3191914
2673143
1178744
1258271
1123467
1471120
1107278
1431954
1338226
665561
731213
678337
1532722
1334627
1517871
803506
1404050
1223256
757676
984347
1189164
626420
625453
1799891
989629
1082180
735151
1163859
755794
662515
1006362992
1325120
808700
1736927
759680
890236
774305
1094732
777434
627007
1597311
848716
861917
665663
462399
778881
726338
691385
849655
696550
873818
642998
683919
830626
731548
1379951
1101577
1062216
2134496
1064003
3498788
1093967
1351320
1066033
2188665
1061675
1068237
3253946
1112952
1065578
1107062
1029956
1764163
1108546
4645533
1249635
4210000
1124185
3107963
1068332
988284
1141614
1624354
546565
607693
678810
676711
882159
707922
695794
665253
730201
697951
639704
666707
700332
1303535
2229289
1027173
1655642
2544834
1056671
3418993
2932324
1106913
1398063
1158339
1334987
2049232
2498875
3099210
3201212
3231605
2883859
2370127
2254686
3506946
3607620
4072156
1205527
1047925
2728221
1107846
4368449
3010703
1059736
832052
712982
926471
1085409
1278782
695397
1275694
783971
653154
1397496
803096
795361
1485805
3079538
679216
759732
881148
1267457
4667648
678693
779307
839096
717660
653725
733524
750491
570697
1239454
735198
1314763
1068824
1326132
2054654
5145970
1357068
1375020
1119432
1384290
1356887
2961365
3589244
2584304
1058986
820342
1055344
652158
698168
797657
1060036
709898
672264
864256
1145138
955171
850926
863826
1288677
555056
702105
665378
862300
631839
1074105
642553
733314
1251647
505442
639338
767423
727846
618427
475184
861073
669741
643133
939514
793065
734259
944218
1099095
1177413
2149586
1374848
1135499
2424261
667548
1915513
1136861
659297
513694
651118
854802
855287
1229412
955002
1129444
1069665
4982935
1077824
1071239
2585477
719469
679742
660935
696683
848987
913970
542748
697533
879855
643137
650383
646830
882940
702810
643515
623285
810133
1213762
687848
614278
716536
653274
792984
801687
602797
933756
665167
886306
2593390
2537154
1308793
5200518
1066356
1257026
1082477
3034275
1101294
1035080
2442735
1134815
1334027
1366248
824123
666509
660760
695007
654849
884325
3093320
2708843
1233843
4595500
2233790
2568351
1144503
2526901
1081303
2504196
4765730
1388779
3778574
1167832
763977
763285
1265838
1190703
673209
1219336
649228
417647
631594
677822
719483
1157436
1153160
622481
654321
1169529
740606
782638
1482031
658217
1423173
627067
646971
3641003
1986630
2308021
1269522
1133886
1457358
1052802
1083009
3050281
1073902
2249242
1067497
3579302
1131030
1439580170
1202360
1102495
1251601
1523686
1418943
1353719
2183955
1220418
1077403
728952
853516
816132
794682
766097
703917
1246623
1084507
2320140
1011092
993891
1080284
1376003
1038067
831345
1078104
1247484
1305768
1351874
755980
1122308
697904
921101
586691
817125
704996
992616
947091
1244971
705755
2722420
2070316
2123126
946015
1382617
724924
756663
1524191
1384618
703640
900286
866436
764748
721796
1052477
770529
714819
627413
1118591
874327
619916
1239732
776397
704631
711020
1379012
718453
1407620
725367
1161604
753469
746044
1527819
1032881
1148225
4518777
1186448
1115013
1019355
3261034
1095024
2059365
3977448
2178881
1241682
2663348
1023670
530858
668583
680869
674979
552089
684732
1513425
681369
700435
602647
840074
1349632
1367809
659389
725059
687703
661622
760163
502478
695218
768459
2028122
1340447
1111070
1230652
1067825
2216054
1215682
1252770
1704467
3111493
1831925
1081498
1274206
1153153
1108565
1059554
1135815
833485
1081254
1828341
2898358
1175973
2315789
3276391
854147
823960
2335698
1071120
2282966
1321430
2753339
1063969
1092516
1056570
3258236
668715
923023
643947
760670
707220
695905
639598
1143650
666145
775090
1368937
547361
677180
1469353
484466
664592
637281
711728
671722
675560
565542
776932
1664665
720515
623025
654871
683333
755391
646101
665217
669791
659732
1062031
1233840
560574
666196
673014
662887
519501
714961
1317312
734657
1229388
704109
671294
1358570
721248
672100
736741
786998
869053
586013
632597
793540
683394
661704
1416325
1023964
1041614
3144122
1973660
957666
1142794
4071185
1095401
2286996
1290416
1707953
1706634
1425009
2063048
1084958
2035014
5275636
1931297
2586725
2029803
5085305
2315353
1341790
1074914
1850961
1055158
2043544
2805838
1101425
2135836
3819717
2215700
1634422
1560825
2116515
1858928
1177640
1286856
1216857
2157392
1070191
2358860
1922234
1076605
1094081
696723
1213294
1115369
694566
561121
724979
779919
740859
809162
1339717
756713
748131
2027103
1044402
2214027
1174130
1896334
1046633
1109672
1527614
1068174
2317228
1044020
1228026
1059727
1315094
2154055
1409595
830487
1382860
1919970
1276893
680053
758959
827286
662465
1125228
999962
748218
1237978
1472594
652190
1029012
754036
670842
671276
659969
844912
1386368
687990
1403746
695410
683269
653821
672195
659324
671642
667078
1322383
778428
662095
654872
753083
723835
670185
653877
668235
609724
733499
673543
742898
1357997
1471484
1377897
1432384
646567
1304035
944368
1559682
1875306
917934
1333796
864402
1561410
763888
1315428
753084
1324092
719002
1220434
670244
1400310
711685
1431389
1395564
1405724
1335986
1440927
1058643
1365084
1076689
1186617
2184506
2150816
1137213
2234003
4908204
2031552
2128355
1053084
1178453
1065437
574923
790431
1607547
712249
683394
1400095
778999
674858
657285
511768
1535301
1624088
605193
642822
916132
719607
655686
798094
641900
652553
657746
633277
743482
828001
669248
676641
1340775
1045013
1272883
1160706
695902
661779
1557140
694990
618710
652945
648882
671924
673230
713936
1241783
1234118
1187555
2490159
2285737
1064249
1090427
1148085
2186374
984658
2192747
1051339
2181663
1108442
5455349
1124944
1077077
1096517
1357827
707822
811796
888958
670144
749020
900080
709918
807757
713260
887638
1317737
1485281
840456
2740904
2270061
1529454
2442369
1031870
2248624
1095940
2982656
2213539
897618
1198623
1580045
2132784
1116769
2959877
867134
773845
770640
989355
734891
1215954
789534
688585
751547
845441
774964
966711
711365
2460741
1224017
2129303
1066423
1856188
1062091
1079832
2054910
1762470
4148471
1133616
1116843
1123370
4142393
1273496
645315
651802
448508
661638
625025
650829
861745
788925
1426972
706404
1342640
1252879
664430
1519886
1815212
1470642
658663
644576
1375693
622645
1395811
680148
650281
658017
613941
882738
675144
1082234
705949
608389
721819
1229732
694214
692781
884278
1277430
707082
792388
1300212
3400512
1296349
1323856
695248
2202099
2128960
2013125
1092614
815058
763604
742828
710576
709617
748523
757683
734438
727028
737882
1088914
3629053
1052413
1125024
2355659
1118763
1173980
2988796
1667116
751210
769928
852995
678180
774140
669348
1221950
724521
556456
1337365
702828
754995
2045386
808238
712186
765699
678366
1176865
740491
1096600
849935
690649
743764
621765
913551
729863
951074
786273
1398539
1086245
1652934
853254
828781
633078
676692
455455
879298
657980
802788
625191
788062
656680
647055
717100
966196
651341
851437
664565
753502
1267542
906203
675092
774814
862016
736803
658084
855544
574217
655292
695585
744245
692373
623952
763489
1771707
670384
595878
864190
728515
651718
643880
844166
652820
827296
633222
755441
677505
1473449
1006083170
744822
800255
630352
699964
1165350
630608
1454676
801416
677532
627519
461309
814541
717481
1087408
649826
692992
654405
671935
1420169
523392
1086024
767824
957717
1049684
4419491
1115857
1119639
2724932
2227702
2638846
2142418
1065332
1307446
1148599
3040963
7307241
1040461
864688
3117405
1194674
751057
701379
723679
958141
748292
763278
746892
716523
732584
736510
1050619
1068420
7103370
1077962
1184898
534358
1243920173
2004307
1439302
1872561
1409231
1751451
666644
692205
1352757
643556
688709
668822
663790
769457
1264462
658255
683977
597253
751099
645860
746735
506156
676052
657815
684252
724159
734247
1423588
1772024
696398
711288
1068533
1185369
1246223
2139849
1847453
1093170
2334980
3173630
4973325
1064667
2207425
